E:/dataset/TOTAL/train\images\c1_2020-10-292020-10-29-12-06-57-000119.jpg 779,128,802,185,1 402,52,421,102,1 644,46,658,91,1 885,65,902,106,1 293,69,308,116,1 620,43,633,84,1 900,35,914,72,1 632,44,643,88,1 338,126,376,187,1 288,0,297,16,1 345,148,376,212,1
E:/dataset/TOTAL/train\images\c1_2020-10-292020-10-29-12-07-27-000120.jpg 583,321,623,428,1 630,531,694,647,1 460,545,518,644,1 535,337,582,454,1 595,116,626,187,1 557,517,613,641,1 712,110,739,166,1 263,56,279,100,1 490,339,531,454,1 550,123,580,190,1 287,104,313,162,1 397,113,426,175,1 814,54,834,92,1 268,492,316,636,1 381,97,401,150,1 287,111,315,165,1 381,105,398,151,1 407,114,419,178,1 574,612,620,647,1 61,94,73,122,1
E:/dataset/TOTAL/train\images\c1_2020-10-292020-10-29-12-07-57-000121.jpg 953,239,988,322,1 244,80,264,131,1 420,102,443,158,1 324,23,341,59,1 267,84,284,133,1 343,22,355,56,1 347,128,382,194,1 222,79,239,128,1 537,113,564,171,1 361,20,384,55,1 564,0,575,25,1 310,22,318,60,1 468,0,480,27,1 555,0,565,25,1 276,35,292,75,1 416,0,425,18,1 295,22,306,50,1 337,111,360,172,1 356,8,367,41,1 285,52,301,99,1 136,138,153,164,1 342,115,367,178,1 350,104,363,150,1 290,39,304,77,1 347,10,356,29,1 370,9,383,41,1 426,0,437,17,1
E:/dataset/TOTAL/train\images\c1_2020-10-292020-10-29-12-08-27-000122.jpg 407,212,440,308,1 229,88,245,139,1 569,32,581,74,1 680,44,698,84,1 239,88,266,143,1 699,45,715,85,1 575,0,586,27,1 270,5,280,31,1
E:/dataset/TOTAL/train\images\c1_2020-10-292020-10-29-12-08-57-000123.jpg 424,189,456,274,1 310,165,339,241,1 391,151,416,222,1 645,56,663,102,1 285,169,309,244,1 416,147,438,209,1 266,170,285,246,1 362,150,390,226,1 614,50,636,91,1 673,60,691,103,1 764,43,776,85,1 242,165,268,239,1 594,42,609,84,1 658,97,674,144,1 606,45,621,88,1 536,0,546,22,1 752,44,765,84,1 478,0,488,15,1 312,62,330,114,1 299,62,314,109,1 665,100,679,149,1 546,0,556,22,1 236,152,256,223,1
E:/dataset/TOTAL/train\images\c1_2020-10-292020-10-29-12-09-27-000124.jpg 604,537,655,643,1 493,563,559,646,1 619,188,652,261,1 893,200,922,291,1 653,99,672,153,1 401,98,424,155,1 854,52,870,91,1 277,132,301,188,1 253,129,273,194,1 585,6,597,41,1 622,67,642,118,1 228,86,257,140,1 65,142,87,194,1 638,70,651,114,1 39,140,61,202,1 415,0,428,17,1 269,84,287,138,1 580,611,646,644,1 375,0,386,17,1 268,56,284,91,1 269,38,281,71,1 282,33,296,64,1 298,33,307,66,1 272,0,280,24,1 277,0,287,23,1 289,4,299,29,1 302,1,312,26,1 312,1,321,26,1 322,1,331,27,1 332,0,342,26,1 428,0,438,17,1 364,0,374,19,1 355,0,364,21,1 344,0,351,14,1 634,73,645,123,1
E:/dataset/TOTAL/train\images\c1_2020-10-292020-10-29-12-09-57-000125.jpg 714,96,738,152,1 317,10,327,39,1 353,7,365,40,1 371,8,382,40,1 908,26,917,55,1 610,0,619,21,1 333,10,343,41,1 843,43,862,87,1 623,0,634,22,1 589,0,598,20,1 540,0,550,22,1 309,11,319,43,1 915,26,926,55,1 268,45,285,87,1 601,0,609,20,1 168,101,188,146,1 160,101,173,150,1 275,56,288,99,1 294,56,308,95,1 286,43,302,81,1 336,4,346,33,1 326,0,334,31,1 282,54,294,90,1 588,0,595,22,1 579,0,587,22,1
E:/dataset/TOTAL/train\images\c1_2020-10-292020-10-29-12-10-28-000126.jpg 492,93,512,152,1 329,21,339,54,1 341,18,353,52,1 225,82,244,135,1
E:/dataset/TOTAL/train\images\c1_2020-10-292020-10-29-12-10-58-000127.jpg 479,127,499,199,1 453,129,476,200,1 312,126,334,194,1 187,109,204,165,1 338,1,347,27,1 480,0,488,14,1 391,0,399,25,1 213,88,231,139,1 216,116,238,160,1 179,102,193,155,1 222,122,251,179,1 794,43,808,85,1 192,87,215,135,1 389,0,396,20,1 487,0,495,13,1
E:/dataset/TOTAL/train\images\c1_2020-10-292020-10-29-12-11-28-000128.jpg 577,112,603,166,1 900,67,916,113,1 353,67,372,114,1 757,23,770,58,1 888,68,907,111,1 764,96,788,144,1 291,39,305,76,1 504,5,514,36,1 369,69,385,119,1 528,0,538,23,1 515,0,524,22,1 589,120,606,178,1 792,23,800,46,1 786,20,792,38,1 777,27,785,47,1 783,28,792,48,1
E:/dataset/TOTAL/train\images\c1_2020-10-292020-10-29-12-11-58-000129.jpg 746,123,765,180,1 388,68,405,119,1 297,97,316,153,1 541,122,579,187,1 277,97,293,152,1 365,72,382,123,1 705,105,724,161,1 457,255,495,351,1 634,28,645,63,1 649,70,664,117,1 828,107,844,159,1 712,62,727,105,1 843,114,858,164,1 619,31,628,65,1 604,27,619,61,1 822,106,837,152,1 632,66,652,111,1 562,105,583,159,1 371,0,386,21,1
E:/dataset/TOTAL/train\images\c1_2020-10-292020-10-29-12-12-28-000130.jpg 710,119,732,178,1 1037,154,1059,206,1 249,518,315,646,1 688,45,702,88,1 712,49,726,92,1 184,544,246,645,1 383,53,402,95,1 370,52,383,94,1 287,19,299,50,1 319,115,348,174,1 344,119,366,181,1 558,0,566,16,1 340,0,348,18,1 327,126,354,184,1 304,15,316,43,1 537,0,548,17,1 679,99,704,156,1
E:/dataset/TOTAL/train\images\c1_2020-10-292020-10-29-12-12-58-000131.jpg 811,168,841,240,1 369,112,387,171,1 710,20,719,49,1 722,21,731,50,1 391,113,410,167,1 401,120,417,174,1 1066,132,1090,176,1 263,79,281,125,1 692,20,702,52,1 1051,125,1073,164,1 212,129,235,183,1 1019,125,1039,172,1 244,79,262,121,1 206,114,222,166,1 572,41,588,87,2
E:/dataset/TOTAL/train\images\c1_2020-10-292020-10-29-12-13-28-000132.jpg 639,112,659,174,1 288,135,311,204,1 313,136,341,205,1 989,282,1029,366,1 536,30,551,71,1 606,111,632,167,1 557,33,569,73,1 737,196,767,276,1 974,283,1004,362,1 1016,283,1052,363,1 578,119,605,181,1 287,39,299,72,1 275,41,287,84,1 392,0,404,15,1 515,28,530,69,1 602,0,612,13,1 506,35,519,75,1 435,0,451,16,1 59,131,88,183,1 37,156,57,208,1 286,48,297,87,1
E:/dataset/TOTAL/train\images\c1_2020-10-292020-10-29-12-13-58-000133.jpg 896,458,961,586,1 203,444,260,573,1 822,463,876,595,1 223,404,278,526,1 825,119,843,174,1 807,119,825,168,1 851,71,866,114,1 1079,140,1103,195,1 654,4,667,34,1 1009,135,1038,185,1 722,105,738,156,1 834,66,850,110,1 482,0,490,22,1 601,1,613,28,1 66,136,93,192,1 491,0,502,21,1
E:/dataset/TOTAL/train\images\c1_2020-10-292020-10-29-12-14-28-000134.jpg 760,132,777,189,1 993,284,1031,363,1 777,134,796,196,1 894,33,907,68,1 597,15,612,48,1 857,47,869,88,1 435,0,442,26,1 683,32,695,71,1 690,35,707,72,1 912,38,927,69,1 533,0,549,21,1 751,142,774,192,1
E:/dataset/TOTAL/train\images\c1_2020-10-292020-10-29-12-14-58-000135.jpg 809,127,829,181,1 284,48,295,85,1 316,201,349,283,1 850,132,878,185,1 355,8,367,42,1 296,163,322,211,1 396,16,412,49,1 266,46,280,84,1 835,122,849,172,1 1056,575,1122,634,1 297,46,305,82,1 794,0,805,25,1 820,133,843,185,1
E:/dataset/TOTAL/train\images\c1_2020-10-292020-10-29-12-15-28-000136.jpg 768,4,826,26,0 814,124,840,179,1 792,112,808,168,1 896,47,911,91,1 360,207,395,290,1 437,104,457,168,1 221,236,254,328,1 55,143,85,203,1 406,112,430,170,1 456,98,475,160,1 248,245,289,348,1 839,134,862,185,1 383,110,402,172,1 855,47,868,89,1 702,15,715,47,1 357,106,383,161,1 785,111,797,160,1 289,31,301,66,1 347,122,364,183,1 326,15,336,48,1 264,216,301,299,1 267,2,276,29,1 280,4,292,30,1 285,2,293,28,1 864,51,881,92,1
E:/dataset/TOTAL/train\images\c1_2020-10-292020-10-29-12-15-58-000137.jpg 1087,343,1143,438,1 421,260,461,354,1 640,149,672,216,1 1034,151,1062,202,1 505,88,522,144,1 749,103,767,159,1 385,105,406,156,1 579,97,595,146,1 411,98,433,154,1 471,84,494,139,1 286,75,307,121,1 408,29,425,64,1 579,48,589,85,1 425,93,444,149,1 619,37,633,77,1 907,27,916,59,1 259,77,278,120,1 681,89,703,145,1 666,103,683,160,1 400,0,414,23,1 710,100,723,156,1 352,0,365,15,1 599,1,607,30,1 513,2,522,27,1 276,65,292,112,1 405,32,422,65,1 714,107,732,160,1 713,114,726,174,1 724,121,738,177,1 734,135,749,185,1 747,0,757,27,1 276,2,286,31,1 284,0,291,21,1 291,0,300,28,1 316,0,327,22,1 331,0,338,17,1 259,63,271,106,1
E:/dataset/TOTAL/train\images\c1_2020-10-292020-10-29-12-16-28-000138.jpg 762,114,782,176,1 785,120,804,180,1 676,77,692,120,1 651,64,663,109,1 663,71,677,113,1 327,31,342,67,1 364,119,382,183,1 618,76,639,124,1 320,191,344,264,1 411,0,421,23,1 611,74,631,122,1 359,0,366,17,1 282,4,292,32,1 628,58,642,101,1 343,0,353,19,1 208,598,260,647,1 234,298,279,391,1 367,115,395,168,1 369,0,379,16,1 268,6,277,33,1 256,17,269,48,1 904,24,920,47,1 920,26,928,48,1 407,0,415,22,1
E:/dataset/TOTAL/train\images\c1_2020-10-292020-10-29-12-16-58-000139.jpg 284,59,301,109,1 266,24,280,57,1 201,77,217,126,1 1023,119,1046,167,1 310,6,322,35,1
E:/dataset/TOTAL/train\images\c1_2020-10-292020-10-29-12-17-29-000140.jpg 266,43,279,72,1 332,38,345,77,1 266,64,280,109,1 264,4,276,33,1 311,8,321,38,1 782,0,790,25,1 791,19,801,44,1 255,6,265,36,1
E:/dataset/TOTAL/train\images\c1_2020-10-292020-10-29-12-17-59-000141.jpg 1000,416,1067,525,1 1081,437,1139,554,1 713,85,736,132,1 798,297,836,400,1 626,42,638,87,1 43,147,64,209,1 275,100,301,155,1 243,101,266,155,1 158,123,170,165,1 167,123,184,165,1
E:/dataset/TOTAL/train\images\c1_2020-10-292020-10-29-12-18-29-000142.jpg 804,58,819,101,1 827,65,843,108,1 622,28,633,68,1 845,65,861,107,1 677,27,690,62,1 602,29,615,66,1 892,39,904,69,1 397,0,412,27,1 505,120,532,180,1 365,0,379,30,1 263,24,277,59,1 662,24,676,59,1 281,0,292,21,1 295,0,303,21,1 312,0,322,26,1 371,0,386,27,1 901,38,911,65,1 815,65,826,106,1
E:/dataset/TOTAL/train\images\c1_2020-10-292020-10-29-12-18-59-000143.jpg 883,231,916,307,1 929,237,977,332,1 550,82,571,139,1 599,90,617,141,1 707,20,722,55,1 617,89,634,143,1 579,87,595,136,1 345,25,355,58,1 758,43,771,84,1 962,240,993,326,1 278,11,289,43,1 44,147,64,201,1 288,10,301,42,1 778,42,795,82,1 769,44,782,83,1 307,10,317,39,1 10,160,25,208,1
E:/dataset/TOTAL/train\images\c1_2020-10-292020-10-29-12-19-29-000144.jpg 1051,406,1103,523,1 967,256,1004,350,1 675,17,688,54,1 396,341,441,454,1 358,29,371,66,1 695,20,704,56,1 657,18,668,51,1 1091,411,1140,517,1 750,38,764,64,1 283,3,294,29,1 274,8,285,31,1 294,3,304,29,1 987,252,1015,336,1
E:/dataset/TOTAL/train\images\c1_2020-10-292020-10-29-12-19-59-000145.jpg 891,34,902,68,1 903,36,920,68,1 612,2,624,31,1 628,3,640,34,1 280,23,293,56,1 268,3,279,33,1 766,20,777,53,1 783,24,791,48,1 1069,132,1093,176,1 793,26,802,48,1 300,23,312,53,1 774,23,783,57,1 619,4,628,35,1
E:/dataset/TOTAL/train\images\c1_2020-10-292020-10-29-12-20-29-000146.jpg 501,520,550,645,1 833,204,870,282,1 692,76,708,124,1 670,72,688,124,1 888,197,917,283,1 283,53,300,97,1 850,111,870,162,1 861,196,894,275,1 874,112,897,172,1 6,172,25,216,1 876,122,895,183,1
E:/dataset/TOTAL/train\images\c1_2020-10-292020-10-29-12-20-59-000147.jpg 658,75,679,128,1 1015,293,1059,389,1 348,19,362,57,1 270,40,284,74,1 1065,131,1084,173,1 428,106,459,166,1 1088,134,1106,182,1 643,71,657,121,1 455,82,475,133,1 328,22,343,57,1 838,67,853,108,1 436,115,467,167,1 334,7,347,37,1 56,94,73,123,1
E:/dataset/TOTAL/train\images\c1_2020-10-292020-10-29-12-21-29-000148.jpg 698,0,779,24,0 904,211,939,292,1 257,69,271,113,1 622,92,641,139,1 543,100,563,156,1 915,35,926,68,1 294,104,314,165,1 622,101,648,158,1 302,113,318,172,1 543,107,564,160,1 615,99,637,155,1 267,71,287,119,1
E:/dataset/TOTAL/train\images\c1_2020-10-292020-10-29-12-21-59-000149.jpg 521,41,544,83,1 835,67,853,110,1 499,8,512,44,1 864,37,876,73,1 483,10,494,42,1 874,41,885,77,1 413,65,430,112,1 402,64,417,108,1 200,84,211,128,1 850,15,860,47,1 183,83,196,128,1 166,88,182,130,1 297,0,304,16,1 306,0,315,15,1
E:/dataset/TOTAL/train\images\c1_2020-10-292020-10-29-12-22-29-000150.jpg 610,147,635,216,1 639,155,664,226,1 274,131,295,192,1 586,147,608,213,1 215,81,233,130,1 298,137,316,193,1 158,129,174,168,1 279,37,294,75,1 140,124,158,168,1
E:/dataset/TOTAL/train\images\c1_2020-10-292020-10-29-12-22-59-000151.jpg 1037,389,1095,495,1 896,31,907,65,1 520,2,532,34,1 791,88,810,137,1 866,27,882,59,1 806,93,825,142,1 655,17,667,54,1 504,21,517,55,1 668,20,680,55,1 279,39,292,71,1 479,41,498,78,1 643,16,654,50,1 166,120,187,165,1 178,123,194,166,1 492,20,504,53,1 262,0,269,21,1 253,0,260,20,1
E:/dataset/TOTAL/train\images\c1_2020-10-292020-10-29-12-23-29-000152.jpg 548,424,593,555,1 494,435,544,569,1 232,289,268,383,1 281,149,303,220,1 228,135,255,203,1 207,97,224,151,1 175,129,191,162,1 302,151,329,214,1 282,23,295,57,1 324,121,338,174,1 295,22,305,56,1 301,130,320,163,1 204,111,217,166,1
E:/dataset/TOTAL/train\images\c1_2020-10-292020-10-29-12-23-59-000153.jpg 868,21,880,49,1 481,123,501,184,1 632,65,651,104,1 345,114,363,163,1 575,93,593,145,1 654,0,664,27,1 589,105,604,157,1 11,151,24,208,1 34,129,57,196,1 485,129,503,190,1 631,68,644,109,1 876,26,883,55,1
E:/dataset/TOTAL/train\images\c1_2020-10-292020-10-29-12-24-29-000154.jpg 762,139,788,194,1 815,99,830,144,1 270,56,288,99,1 678,24,696,59,1 299,98,315,153,1 661,26,673,60,1 311,102,329,158,1 622,0,634,20,1 804,11,818,45,1
E:/dataset/TOTAL/train\images\c1_2020-10-292020-10-29-12-25-00-000155.jpg 349,81,371,131,1 375,77,397,132,1 898,24,908,50,1 912,27,926,53,1 163,558,225,645,1 296,15,307,46,1 309,0,316,25,1 300,0,307,23,1 836,49,848,86,1 833,60,852,101,1 772,0,781,27,1 52,96,64,141,1
E:/dataset/TOTAL/train\images\c1_2020-10-292020-10-29-12-25-30-000156.jpg 522,21,534,56,1 606,65,629,114,1 384,19,402,54,1 288,32,300,65,1 275,29,288,64,1 807,140,836,185,1 227,102,247,151,1 208,92,227,146,1 378,0,388,15,1 383,0,394,20,1
E:/dataset/TOTAL/train\images\c1_2020-10-292020-10-29-12-26-00-000157.jpg 732,126,751,180,1 266,64,287,112,1 227,120,255,182,1 545,0,555,22,1 560,0,568,22,1 322,70,340,117,1
E:/dataset/TOTAL/train\images\c1_2020-10-292020-10-29-12-26-30-000158.jpg 861,64,876,104,1 603,126,631,188,1 710,40,721,76,1 652,105,678,161,1 743,99,768,151,1 249,115,265,177,1 253,126,284,186,1 307,0,318,27,1 337,0,347,23,1 290,34,302,73,1 614,134,642,193,1
E:/dataset/TOTAL/train\images\c1_2020-10-292020-10-29-12-27-00-000159.jpg 466,71,479,119,1 452,71,468,119,1 271,95,293,149,1 36,146,55,205,1 50,144,69,203,1 476,0,490,21,1 825,57,840,100,1 277,66,297,109,1 65,153,83,195,1
E:/dataset/TOTAL/train\images\c1_2020-10-292020-10-29-12-27-30-000160.jpg 596,47,617,85,1 854,145,872,190,1 215,515,269,636,1 595,11,607,43,1 616,16,630,48,1 802,113,836,167,1 290,34,301,63,1 337,22,350,59,1 517,50,530,93,1 497,54,516,97,1 902,49,914,90,1 278,240,308,337,1 803,80,825,135,1 791,76,806,125,1 915,54,927,94,1 320,233,350,327,1 806,92,824,139,1 821,122,844,174,1 855,13,863,45,1
E:/dataset/TOTAL/train\images\c1_2020-10-292020-10-29-12-28-00-000161.jpg 764,111,793,163,1 233,278,267,371,1 619,51,638,91,1 604,414,652,531,1 743,68,763,114,1 578,47,591,90,1 648,51,664,94,1 1049,119,1066,161,1 263,48,279,94,1 289,13,299,51,1 271,276,301,366,1 280,48,295,94,1 566,51,585,91,1 658,55,675,94,1 650,62,667,101,1 619,56,640,100,1 772,119,786,171,1 1027,118,1039,161,1 1055,125,1075,171,1 746,75,764,116,1
E:/dataset/TOTAL/train\images\c1_2020-10-292020-10-29-12-28-30-000162.jpg 903,323,943,421,1 652,77,676,122,1 421,58,435,105,1 609,72,622,117,1 173,578,230,646,1 641,72,659,119,1 1009,139,1031,188,1 279,60,290,100,1 290,58,305,99,1 361,55,379,102,1 492,115,508,173,1 351,41,367,83,1 541,0,553,16,1 617,73,637,122,1 406,53,423,97,1 249,584,296,647,1 491,0,505,18,1 267,48,278,84,1 328,0,336,25,1 368,42,383,83,1 278,46,291,86,1 290,26,300,63,1
E:/dataset/TOTAL/train\images\c1_2020-10-292020-10-29-12-29-00-000163.jpg 442,41,452,84,1 825,121,841,173,1 424,42,438,84,1 457,27,474,70,1 893,35,905,67,1 397,152,426,219,1 531,127,556,186,1 472,0,483,20,1 401,0,411,14,1 345,64,363,108,1 223,117,258,173,1 228,135,263,190,1 333,66,346,108,1 412,0,420,13,1 481,0,493,21,1
E:/dataset/TOTAL/train\images\c1_2020-10-292020-10-29-12-29-30-000164.jpg 792,111,812,170,1 676,107,707,162,1 771,109,793,165,1 548,58,568,105,1 525,58,544,106,1 436,120,460,171,1 598,114,621,180,1 317,92,345,144,1 633,97,667,153,1 259,139,292,203,1 574,0,584,24,1 613,96,640,146,1 284,43,297,75,1 864,11,876,38,1 328,97,347,147,1 268,42,283,81,1 283,26,296,50,1 567,0,579,24,1 326,0,337,23,1 440,127,469,184,1 634,112,659,169,1 740,27,758,57,1 902,23,911,41,1 852,9,861,30,1 872,12,881,35,1
E:/dataset/TOTAL/train\images\c1_2020-10-292020-10-29-12-30-00-000165.jpg 691,111,713,169,1 370,59,385,100,1 390,57,406,100,1 408,54,423,95,1 625,115,644,174,1 855,56,867,90,1 778,134,802,203,1 271,89,290,148,1 299,88,319,139,1 609,0,616,18,1 780,112,794,147,1 288,93,300,143,1 257,78,273,129,1 291,0,297,22,1 237,79,252,118,1 300,0,305,20,1 617,0,627,17,1 799,121,810,171,1 847,62,865,95,1 286,87,293,128,1
E:/dataset/TOTAL/train\images\c1_2020-10-292020-10-29-12-30-30-000166.jpg 962,264,1007,353,1 228,291,271,373,1 868,186,894,261,1 860,52,873,91,1 846,50,858,87,1 263,285,311,363,1 288,50,301,93,1 330,52,348,93,1 439,0,448,17,1 721,0,733,17,1 274,54,285,96,1 269,40,282,78,1 447,0,456,18,1 258,5,266,31,1 260,6,271,33,1
E:/dataset/TOTAL/train\images\c1_2020-10-292020-10-29-12-31-00-000167.jpg 587,55,601,99,1 47,140,73,210,1 547,51,560,94,1 517,38,532,75,1 872,35,887,74,1 279,12,291,42,1 764,9,772,36,1 565,53,582,95,1 531,53,546,95,1 887,36,899,71,1 755,9,764,38,1 628,0,637,21,1 177,120,195,166,1 309,0,321,24,1 407,0,421,18,1 805,59,824,95,1 810,65,823,103,1 794,18,805,46,1 804,17,813,32,1 419,0,430,21,1
E:/dataset/TOTAL/train\images\c1_2020-10-292020-10-29-12-31-31-000168.jpg 593,46,608,87,1 635,97,658,152,1 613,50,626,91,1 764,14,773,44,1 291,38,308,81,1 507,17,518,53,1 705,74,726,128,1 271,46,287,86,1 734,10,743,41,1 622,102,638,153,1 55,144,75,189,1 80,135,102,185,1 48,129,69,184,1 8,153,27,206,1 37,160,50,209,1 486,36,502,76,1 493,19,506,57,1 723,71,734,120,1 1016,128,1034,167,1 1069,131,1083,170,1 1120,132,1140,181,1
E:/dataset/TOTAL/train\images\c1_2020-10-292020-10-29-12-32-01-000169.jpg 944,326,985,428,1 826,329,867,432,1 898,333,935,424,1 979,335,1020,429,1 385,232,412,323,1 879,204,910,280,1 410,230,438,318,1 1077,460,1149,584,1 847,204,880,286,1 635,164,658,228,1 657,158,684,226,1 1020,598,1068,637,1 272,73,288,117,1 1078,579,1142,638,1 287,71,305,111,1 159,132,182,163,1 1051,121,1069,168,1 305,24,323,68,1 269,23,280,45,1 687,608,748,647,1 269,48,284,81,1 287,45,302,83,1 281,26,290,55,1 292,22,304,58,1 252,6,259,37,1 256,6,264,36,1
E:/dataset/TOTAL/train\images\c1_2020-10-292020-10-29-12-32-31-000170.jpg 996,263,1034,354,1 781,69,799,114,1 248,135,267,198,1 661,110,688,163,1 270,136,292,200,1 716,126,743,182,1 575,31,588,73,1 295,135,318,198,1 561,30,576,73,1 581,132,618,193,1 210,124,230,173,1 364,14,376,46,1 710,28,728,68,1 813,74,833,119,1 707,122,727,173,1 519,33,530,67,1 859,53,878,92,1 497,38,521,88,1 260,70,283,115,1 622,0,632,18,1 609,0,620,19,1 831,81,847,126,1 846,49,860,87,1 319,5,330,36,1 511,31,521,67,1 698,27,714,63,1
E:/dataset/TOTAL/train\images\c1_2020-10-292020-10-29-12-33-01-000171.jpg 790,109,819,163,1 781,57,802,99,1 384,52,400,97,1 443,122,463,186,1 464,45,480,87,1 368,52,383,94,1 247,305,288,372,1 909,27,920,42,1 401,123,420,181,1 177,107,206,162,1 447,131,473,205,1 478,46,494,90,1 285,4,294,30,1 296,3,305,28,1 308,4,314,26,1
E:/dataset/TOTAL/train\images\c1_2020-10-292020-10-29-12-33-31-000172.jpg 625,67,645,120,1 591,65,610,116,1 608,70,626,120,1 443,59,454,107,1 569,5,583,38,1 570,605,624,646,1 536,8,550,36,1 272,53,286,92,1 517,608,572,646,1 448,63,462,110,1 267,4,279,30,1
E:/dataset/TOTAL/train\images\c1_2020-10-292020-10-29-12-34-01-000173.jpg 272,94,290,147,1 344,22,355,56,1 332,22,346,57,1 296,68,316,112,1 191,384,242,501,1
E:/dataset/TOTAL/train\images\c1_2020-10-292020-10-29-12-34-31-000174.jpg 769,117,785,165,1 271,41,288,79,1 299,113,323,170,1 319,109,340,157,1 213,127,237,185,1 500,0,513,14,1 238,125,259,189,1 699,9,710,40,1 819,111,836,160,1 429,74,444,128,1 439,78,466,130,1 567,5,577,38,1 541,8,551,39,1 231,121,244,179,1 243,113,265,170,1 322,114,351,171,1 547,11,557,42,1 553,10,562,36,1 769,121,795,181,1 831,117,848,168,1
E:/dataset/TOTAL/train\images\c1_2020-10-292020-10-29-12-35-01-000175.jpg 722,125,741,182,1 779,126,803,182,1 591,124,619,189,1 905,52,917,90,1 588,121,607,184,1 714,119,734,175,1 266,69,285,115,1 299,86,324,137,1 783,131,809,195,1 919,47,931,77,1 911,44,922,80,1
E:/dataset/TOTAL/train\images\c1_2020-10-292020-10-29-12-35-31-000176.jpg 882,24,893,53,1 293,17,305,47,1 271,18,282,51,1 282,16,293,48,1 308,17,320,50,1
E:/dataset/TOTAL/train\images\c1_2020-10-292020-10-29-12-36-01-000177.jpg 567,64,588,113,1 695,135,721,189,1 270,127,304,184,1 764,86,792,137,1 45,156,71,206,1 71,137,98,188,1 842,64,856,105,1
E:/dataset/TOTAL/train\images\c1_2020-10-292020-10-29-12-36-31-000178.jpg 409,23,422,57,1 246,197,272,268,1 267,194,297,271,1 490,0,503,22,1 271,24,285,55,1 544,1,554,28,1 286,24,297,53,1 553,0,564,27,1 322,11,334,41,1 327,21,341,54,1 536,3,545,31,1 813,10,820,47,1
E:/dataset/TOTAL/train\images\c1_2020-10-292020-10-29-12-37-01-000179.jpg 340,35,355,74,1 331,38,343,73,1 851,19,860,48,1
E:/dataset/TOTAL/train\images\c1_2020-10-292020-10-29-12-37-31-000180.jpg 462,23,474,58,1 431,71,453,120,1 620,10,631,40,1 543,13,557,48,1 707,1,719,32,1 494,11,504,37,1 272,57,287,103,1 476,12,486,45,1 482,21,494,58,1 486,10,492,40,1 499,24,515,61,1 288,269,315,361,1 323,10,335,41,1 313,0,323,19,1 327,0,337,23,1
E:/dataset/TOTAL/train\images\c1_2020-10-292020-10-29-12-38-01-000181.jpg 928,390,985,504,1 648,116,668,177,1 213,104,234,161,1 600,121,626,181,1 386,112,411,172,1 345,121,366,177,1 715,59,731,103,1 576,119,596,180,1 515,11,526,38,1 354,56,369,101,1 851,36,870,71,1 314,132,342,193,1 287,100,313,155,1 189,106,210,167,1 273,96,295,149,1 372,53,388,100,1 350,96,373,150,1 1117,249,1141,298,1 184,120,201,170,1 1129,244,1151,313,1 381,99,396,155,1 287,0,296,24,1
E:/dataset/TOTAL/train\images\c1_2020-10-292020-10-29-12-38-32-000182.jpg 853,198,886,274,1 590,37,605,77,1 613,57,631,104,1 280,113,304,173,1 396,37,411,77,1 598,49,617,89,1 257,120,274,173,1 501,29,523,64,1 341,27,352,65,1 350,25,362,62,1 596,61,616,106,1
E:/dataset/TOTAL/train\images\c1_2020-10-292020-10-29-12-39-02-000183.jpg 451,351,485,459,1 487,350,534,463,1 276,21,289,50,1 600,112,628,175,1 293,19,302,50,1 430,95,458,156,1 305,18,316,49,1
E:/dataset/TOTAL/train\images\c1_2020-10-292020-10-29-12-39-32-000184.jpg 253,270,286,361,1 558,73,577,116,1 282,268,315,358,1 617,14,630,47,1 224,277,260,378,1 393,50,407,91,1 431,42,447,78,1 404,47,423,89,1 380,58,396,99,1 431,0,440,13,1 444,0,451,12,1 481,76,494,119,1 479,59,491,96,1 438,38,452,76,1 926,41,938,69,1
E:/dataset/TOTAL/train\images\c1_2020-10-292020-10-29-12-40-02-000185.jpg 809,80,823,127,1 762,119,778,174,1 734,112,751,166,1 254,146,278,214,1 286,50,302,97,1 342,16,355,48,1 265,50,284,98,1 326,16,338,51,1 742,11,754,39,1 759,11,769,38,1 749,11,760,39,1
E:/dataset/TOTAL/train\images\c1_2020-10-292020-10-29-12-40-32-000186.jpg 554,56,568,99,1 642,27,653,62,1 728,20,742,56,1 444,110,466,165,1 604,54,620,96,1 589,52,608,98,1 655,31,670,65,1 628,27,641,61,1 435,116,462,179,1 319,7,329,33,1 304,6,314,35,1
E:/dataset/TOTAL/train\images\c1_2020-10-292020-10-29-12-41-02-000187.jpg 751,228,793,316,1 859,177,885,252,1 874,91,893,139,1 242,183,271,263,1 780,230,813,312,1 521,35,540,80,1
E:/dataset/TOTAL/train\images\c1_2020-10-292020-10-29-12-41-32-000188.jpg 850,46,866,85,1 563,14,575,43,1 287,50,298,93,1 366,128,386,188,1 271,50,286,91,1 180,106,195,163,1 281,0,289,24,1 190,115,205,170,1 199,117,218,176,1 162,136,175,167,1 272,0,278,25,1
E:/dataset/TOTAL/train\images\c1_2020-10-292020-10-29-12-42-02-000189.jpg 791,150,815,225,1 817,153,844,221,1 748,141,782,220,1 440,66,456,114,1 312,145,333,206,1 200,116,223,174,1 457,62,473,110,1 512,1,524,31,1 897,39,911,76,1 286,148,313,211,1 859,42,873,76,1 260,169,291,241,1 248,169,274,238,1 872,43,885,88,1 920,41,932,77,1 308,73,326,119,1 884,47,897,84,1 785,139,804,203,1 272,169,297,246,1
E:/dataset/TOTAL/train\images\c1_2020-10-292020-10-29-12-42-32-000190.jpg 501,67,518,118,1 526,71,548,120,1 515,59,529,106,1 363,27,380,63,1 361,32,379,70,1 295,0,302,18,1 345,0,353,18,1
E:/dataset/TOTAL/train\images\c1_2020-10-292020-10-29-12-43-02-000191.jpg 266,138,292,205,1 428,84,446,136,1 414,78,432,132,1 879,121,902,167,1
E:/dataset/TOTAL/train\images\c1_2020-10-292020-10-29-12-43-32-000192.jpg 628,85,649,139,1 1062,482,1118,622,1 672,22,689,57,1 1090,526,1149,623,1 913,28,923,54,1 923,31,932,57,1 279,17,291,49,1 295,16,304,46,1 283,0,291,19,1 294,0,302,19,1
E:/dataset/TOTAL/train\images\c1_2020-10-292020-10-29-12-44-02-000193.jpg 422,109,454,166,1 862,40,876,81,1 259,213,284,293,1 41,148,66,209,1 226,216,262,306,1 277,218,307,311,1 420,9,435,42,1 346,82,368,134,1 577,49,594,94,1 1117,357,1151,456,1 278,128,300,186,1 247,117,270,185,1 351,2,372,29,1 889,51,905,88,1 873,46,891,82,1 296,19,305,51,1 309,19,320,50,1 272,0,278,18,1 355,10,367,42,1
E:/dataset/TOTAL/train\images\c1_2020-10-292020-10-29-12-44-32-000194.jpg 390,194,422,280,1 899,34,911,66,1 236,248,270,334,1 270,247,305,334,1 768,132,795,196,1 735,129,761,197,1 871,17,884,46,1 206,120,232,178,1 186,119,206,170,1 752,133,775,193,1 714,125,738,184,1 750,27,764,64,1 742,26,754,60,1 218,83,236,127,1 763,30,775,64,1 184,104,197,162,1 732,48,746,85,1 749,50,763,84,1
E:/dataset/TOTAL/train\images\c1_2020-10-292020-10-29-12-45-02-000195.jpg 48,144,74,206,1 783,60,798,103,1 846,59,862,100,1 281,68,295,110,1 762,108,786,159,1 265,68,279,112,1 796,56,814,98,1 833,55,848,95,1 426,10,434,43,1 885,55,911,95,1 746,58,763,95,1 332,34,345,70,1 769,60,782,100,1 915,36,928,67,1 902,32,919,65,1 889,33,904,65,1
E:/dataset/TOTAL/train\images\c1_2020-10-292020-10-29-12-45-32-000196.jpg 608,21,621,59,1 448,65,468,115,1 466,63,483,115,1 630,25,640,58,1 486,65,506,118,1 337,36,353,77,1 264,89,282,139,1 320,0,326,15,1 331,0,340,14,1 344,0,352,12,1
E:/dataset/TOTAL/train\images\c1_2020-10-292020-10-29-12-46-02-000197.jpg 463,239,494,325,1 423,237,460,336,1 836,243,865,328,1 382,252,415,341,1 361,65,380,112,1 682,41,699,81,1 595,12,609,46,1 552,9,566,43,1 664,43,687,84,1 566,9,577,42,1 579,11,593,44,1 268,50,284,90,1 916,28,927,52,1 928,31,937,54,1
E:/dataset/TOTAL/train\images\c1_2020-10-292020-10-29-12-46-33-000198.jpg 1096,340,1147,441,1 1033,341,1088,441,1 240,127,269,185,1 270,96,289,154,1 954,354,1002,466,1 73,129,93,187,1 160,126,176,167,1 479,0,492,16,1 979,344,1024,445,1 56,150,73,207,1 43,129,60,203,1 316,0,329,29,1 280,0,288,15,1 852,10,863,30,1 817,0,828,25,1
E:/dataset/TOTAL/train\images\c1_2020-10-292020-10-29-12-47-03-000199.jpg 276,12,286,41,1 195,94,220,140,1 722,26,736,57,1 183,88,197,135,1 285,12,294,41,1 309,0,318,24,1 289,0,299,26,1 730,27,742,56,1 922,32,937,54,1
E:/dataset/TOTAL/train\images\c1_2020-10-292020-10-29-12-47-33-000200.jpg 1008,306,1050,392,1 648,42,663,83,1 632,38,649,80,1 265,202,299,286,1 529,31,546,68,1 239,202,271,289,1 548,35,563,74,1 768,0,778,28,1 1038,304,1076,385,1 747,0,760,27,1 40,145,58,210,1 772,4,784,28,1 760,0,769,28,1
E:/dataset/TOTAL/train\images\c1_2020-10-292020-10-29-12-48-03-000201.jpg 453,372,506,487,1 259,534,313,644,1 319,29,332,68,1 529,115,564,177,1 414,0,426,11,1 220,536,268,646,1 285,2,296,31,1 295,27,305,60,1 188,497,236,624,1
E:/dataset/TOTAL/train\images\c1_2020-10-292020-10-29-12-48-33-000202.jpg 856,204,885,291,1 883,205,921,293,1 540,58,555,107,1 520,59,536,102,1 261,178,290,261,1 843,291,882,388,1 720,115,744,169,1 916,208,946,290,1 261,100,282,161,1 276,77,293,124,1 333,18,345,48,1 294,74,312,120,1 724,123,747,181,1
E:/dataset/TOTAL/train\images\c1_2020-10-292020-10-29-12-49-03-000203.jpg 986,271,1021,367,1 807,154,836,232,1 606,0,620,33,1 632,0,646,35,1 856,19,867,50,1 59,142,83,197,1 346,30,359,67,1 646,5,659,35,1 330,34,343,70,1 37,140,59,210,1 261,95,283,150,1 312,1,322,29,1 284,1,292,28,1 295,0,303,27,1 56,132,71,190,1 275,115,301,174,1 801,4,810,25,1 804,52,822,90,1
E:/dataset/TOTAL/train\images\c1_2020-10-292020-10-29-12-49-33-000204.jpg 812,120,835,178,1 404,110,426,172,1 432,110,455,171,1 241,373,283,490,1 416,29,433,63,1 716,16,730,49,1 205,356,249,474,1 903,34,914,65,1 868,123,896,179,1 801,73,820,115,1 243,210,267,291,1 814,74,832,125,1 272,205,303,282,1 320,0,330,20,1 279,13,290,41,1 292,9,304,39,1 309,0,317,20,1 817,124,837,182,1
E:/dataset/TOTAL/train\images\c1_2020-10-292020-10-29-12-50-03-000205.jpg 396,38,413,80,1 369,43,382,84,1 381,42,395,81,1 215,103,234,157,1 282,73,302,120,1 383,20,397,51,1 296,12,305,39,1 262,76,280,119,1
E:/dataset/TOTAL/train\images\c1_2020-10-292020-10-29-12-50-33-000206.jpg 1002,272,1049,366,1 628,0,645,18,1 980,267,1008,359,1 945,275,993,374,1 257,448,299,575,1 321,0,340,29,1
E:/dataset/TOTAL/train\images\c1_2020-10-292020-10-29-12-51-03-000207.jpg 255,260,292,355,1 291,53,309,99,1 268,57,287,101,1 395,0,406,19,1 761,0,773,25,1
E:/dataset/TOTAL/train\images\c1_2020-10-292020-10-29-12-51-33-000208.jpg 643,56,666,100,1 331,46,348,90,1 457,120,488,182,1 350,44,363,87,1 539,98,562,158,1 665,0,678,17,1 277,0,286,25,1 417,0,428,23,1 438,0,453,22,1 447,123,477,191,1 530,116,553,171,1 285,0,293,25,1 409,0,418,21,1
E:/dataset/TOTAL/train\images\c1_2020-10-292020-10-29-12-52-03-000209.jpg 454,242,490,335,1 412,255,451,342,1 241,444,296,581,1 636,113,667,179,1 289,138,308,199,1 255,131,286,200,1 759,0,770,19,1 1047,124,1065,168,1 1065,126,1083,171,1
E:/dataset/TOTAL/train\images\c1_2020-10-292020-10-29-12-52-33-000210.jpg 549,4,560,38,1 395,0,403,12,1 564,5,574,33,1 406,0,415,12,1 321,0,332,23,1 51,146,76,212,1 313,0,322,25,1
E:/dataset/TOTAL/train\images\c1_2020-10-292020-10-29-12-53-03-000211.jpg 726,145,759,208,1 583,60,596,105,1 762,143,784,205,1 351,122,371,186,1 762,21,779,54,1 690,19,709,52,1 707,20,722,53,1 755,15,767,48,1 339,13,351,44,1 326,13,339,44,1 352,13,364,43,1
E:/dataset/TOTAL/train\images\c1_2020-10-292020-10-29-12-53-34-000212.jpg 579,471,623,580,1 496,470,547,588,1 1079,344,1134,447,1 450,484,503,605,1 468,37,487,74,1 734,130,754,182,1 310,21,324,56,1 282,23,300,58,1 290,0,299,26,1
E:/dataset/TOTAL/train\images\c1_2020-10-292020-10-29-12-54-04-000213.jpg 592,54,605,92,1 641,0,651,23,1 542,0,554,17,1 247,196,277,278,1 293,156,323,210,1 51,111,71,165,1 281,192,307,278,1 262,155,288,221,1 838,68,852,111,1
E:/dataset/TOTAL/train\images\c1_2020-10-292020-10-29-12-54-34-000214.jpg 349,22,363,57,1 331,26,343,62,1 314,25,328,62,1 657,5,669,34,1 259,29,272,63,1 293,25,305,56,1
E:/dataset/TOTAL/train\images\c1_2020-10-292020-10-29-12-55-04-000215.jpg 543,39,556,82,1 348,60,366,107,1 369,63,384,110,1 385,64,397,107,1 286,7,295,35,1 295,4,303,32,1
E:/dataset/TOTAL/train\images\c1_2020-10-292020-10-29-12-55-34-000216.jpg 234,224,263,311,1 269,214,297,298,1 1086,317,1132,420,1 616,24,626,64,1 567,112,588,175,1 363,133,397,197,1 581,0,590,24,1 284,73,299,121,1 527,0,536,23,1 300,71,320,123,1 265,75,281,125,1 520,0,529,22,1
E:/dataset/TOTAL/train\images\c1_2020-10-292020-10-29-12-56-04-000217.jpg 675,0,687,21,1 688,0,700,21,1 530,14,543,51,1
E:/dataset/TOTAL/train\images\c1_2020-10-292020-10-29-12-56-34-000218.jpg 1041,290,1087,386,1 575,32,589,70,1 652,78,678,125,1 515,2,528,31,1 556,29,571,61,1 525,2,538,32,1
E:/dataset/TOTAL/train\images\c1_2020-10-292020-10-29-12-57-04-000219.jpg 660,77,684,127,1 599,125,629,183,1 687,79,704,127,1 723,48,740,92,1 285,74,304,123,1 282,0,290,24,1 836,78,857,123,1 269,78,284,123,1 425,0,434,21,1 854,80,869,124,1 296,0,304,21,1 308,0,320,21,1 415,0,422,19,1
E:/dataset/TOTAL/train\images\c1_2020-10-292020-10-29-12-57-34-000220.jpg 278,213,307,298,1 230,216,263,300,1 268,67,286,111,1 279,20,291,56,1 376,0,389,31,1 290,23,300,55,1
E:/dataset/TOTAL/train\images\c1_2020-10-292020-10-29-12-58-04-000221.jpg 869,89,884,135,1 750,51,778,92,1 322,0,332,29,1 278,36,291,69,1 310,30,320,66,1 298,29,307,65,1 315,2,326,31,1 308,1,315,29,1
E:/dataset/TOTAL/train\images\c1_2020-10-292020-10-29-12-58-34-000222.jpg 197,433,248,553,1 364,26,376,64,1 284,39,297,78,1 795,86,819,135,1 271,41,284,80,1 383,27,398,61,1 467,0,478,16,1
E:/dataset/TOTAL/train\images\c1_2020-10-292020-10-29-12-59-04-000223.jpg 691,105,709,159,1 395,73,412,124,1 673,106,689,162,1 889,75,907,118,1 377,0,389,16,1
E:/dataset/TOTAL/train\images\c1_2020-10-292020-10-29-12-59-34-000224.jpg 605,27,619,65,1 763,56,782,102,1 618,28,631,65,1 660,52,680,99,1 592,23,606,62,1 559,0,570,15,1 326,29,339,64,1 470,0,478,16,1 507,0,517,20,1 313,22,325,56,1 315,13,323,35,1 478,0,485,14,1 517,0,525,20,1
E:/dataset/TOTAL/train\images\c1_2020-10-292020-10-29-13-00-04-000225.jpg 282,126,308,193,1 875,60,891,103,1 840,182,862,260,1 789,154,812,221,1 328,37,344,77,1 695,95,710,143,1 457,82,477,137,1 677,94,699,144,1 349,34,363,74,1 554,0,563,22,1 821,163,852,234,1 543,0,552,25,1 519,0,527,20,1
E:/dataset/TOTAL/train\images\c1_2020-10-292020-10-29-13-00-34-000226.jpg 1033,288,1080,391,1 772,106,790,162,1 874,195,911,276,1 409,0,419,12,1 422,0,432,12,1
E:/dataset/TOTAL/train\images\c1_2020-10-292020-10-29-13-01-04-000227.jpg 615,0,705,34,0 584,23,600,61,1 567,24,578,59,1 663,11,674,46,1 553,25,566,60,1 296,0,305,29,1 282,0,291,29,1 316,0,327,28,1 272,6,282,34,1 759,0,767,21,1 896,51,909,86,1 889,46,903,80,1
E:/dataset/TOTAL/train\images\c1_2020-10-292020-10-29-13-01-35-000228.jpg 218,249,255,330,1 253,215,288,312,1 372,251,410,339,1 365,85,391,135,1 44,150,69,206,1 533,2,545,30,1 515,0,526,29,1 346,57,365,102,1 508,3,518,31,1
E:/dataset/TOTAL/train\images\c1_2020-10-292020-10-29-13-02-05-000229.jpg 824,104,847,155,1 380,0,396,20,1 274,44,289,85,1 861,10,871,29,1 873,13,882,29,1
E:/dataset/TOTAL/train\images\c1_2020-10-292020-10-29-13-03-05-000231.jpg 277,16,287,43,1 694,0,704,14,1 466,0,477,27,1
E:/dataset/TOTAL/train\images\c1_2020-10-292020-10-29-13-03-35-000232.jpg 848,244,884,334,1 643,1,657,32,1 164,132,183,164,1
E:/dataset/TOTAL/train\images\c1_2020-10-292020-10-29-13-04-05-000233.jpg 647,1,659,30,1 476,0,488,14,1 328,15,342,47,1 317,17,329,48,1
E:/dataset/TOTAL/train\images\c1_2020-10-292020-10-29-13-04-35-000234.jpg 1080,427,1146,538,1 467,389,521,499,1 1025,434,1084,550,1 417,394,465,503,1 964,426,1035,547,1 383,30,395,66,1 357,36,375,71,1
E:/dataset/TOTAL/train\images\c1_2020-10-292020-10-29-13-05-05-000235.jpg 900,44,919,81,1 854,38,869,77,1 510,86,528,132,1 526,82,540,130,1 872,42,887,78,1 283,41,299,82,1 886,44,899,80,1 376,38,393,73,1 273,63,289,102,1 499,0,511,18,1 372,39,387,76,1
E:/dataset/TOTAL/train\images\c1_2020-10-292020-10-29-13-05-35-000236.jpg 863,216,893,295,1 879,209,903,287,1 483,11,493,45,1 472,11,484,45,1 457,13,469,49,1
E:/dataset/TOTAL/train\images\c1_2020-10-292020-10-29-13-06-05-000237.jpg 791,144,813,213,1 835,247,868,340,1 891,231,928,317,1 768,146,793,212,1 244,174,272,243,1 554,19,562,48,1 727,28,746,67,1 852,237,883,324,1 563,14,573,47,1
E:/dataset/TOTAL/train\images\c1_2020-10-292020-10-29-13-06-35-000238.jpg 515,10,525,39,1 709,0,720,14,1 525,9,537,41,1 287,37,301,69,1
E:/dataset/TOTAL/train\images\c1_2020-10-292020-10-29-13-07-05-000239.jpg 856,186,883,261,1 825,193,856,267,1 758,24,771,56,1 909,61,920,94,1
E:/dataset/TOTAL/train\images\c1_2020-10-292020-10-29-13-07-35-000240.jpg 213,515,274,643,1 537,20,549,51,1 416,16,431,51,1 270,35,287,68,1 287,40,300,76,1 547,18,557,50,1
E:/dataset/TOTAL/train\images\c1_2020-10-292020-10-29-13-08-05-000241.jpg 835,89,862,141,1 407,127,438,191,1 855,38,871,74,1 277,46,293,81,1 629,22,642,58,1 600,26,613,61,1 619,5,630,37,1 611,26,625,60,1 513,0,525,26,1
E:/dataset/TOTAL/train\images\c1_2020-10-292020-10-29-13-08-35-000242.jpg 641,75,659,127,1 662,21,679,56,1 647,22,662,56,1 713,42,729,78,1 502,118,533,184,1
E:/dataset/TOTAL/train\images\c1_2020-10-292020-10-29-13-09-05-000243.jpg 283,38,300,77,1 752,19,769,54,1 503,0,511,24,1 511,0,521,22,1 529,0,537,23,1 862,9,931,37,0
E:/dataset/TOTAL/train\images\c1_2020-10-292020-10-29-13-09-35-000244.jpg 676,113,697,176,1 709,117,726,172,1 737,120,756,174,1 278,25,291,58,1
E:/dataset/TOTAL/train\images\c1_2020-10-292020-10-29-13-10-05-000245.jpg 674,4,688,33,1 705,29,717,60,1 287,24,299,58,1
E:/dataset/TOTAL/train\images\c1_2020-10-292020-10-29-13-10-36-000246.jpg 644,76,663,124,1 263,61,280,107,1 280,63,296,106,1
E:/dataset/TOTAL/train\images\c1_2020-10-292020-10-29-13-11-06-000247.jpg 196,98,216,146,1 802,49,818,88,1 793,48,806,88,1
E:/dataset/TOTAL/train\images\c1_2020-10-292020-10-29-13-11-36-000248.jpg 605,2,624,35,1 600,7,611,35,1 259,496,309,631,1
E:/dataset/TOTAL/train\images\c1_2020-10-292020-10-29-13-12-06-000249.jpg 659,3,673,35,1 287,27,301,60,1
E:/dataset/TOTAL/train\images\c1_2020-10-292020-10-29-13-12-36-000250.jpg 775,137,797,194,1 510,79,531,133,1
E:/dataset/TOTAL/train\images\c1_2020-10-292020-10-29-13-14-06-000253.jpg 837,310,879,411,1 785,62,808,101,1 287,5,299,37,1
E:/dataset/TOTAL/train\images\c1_2020-10-292020-10-29-13-14-36-000254.jpg 805,249,853,340,1 705,53,724,94,1 670,7,682,36,1 840,100,862,158,1 680,0,688,14,1
E:/dataset/TOTAL/train\images\c1_2020-10-292020-10-29-13-15-06-000255.jpg 823,122,845,176,1
E:/dataset/TOTAL/train\images\c1_2020-10-292020-10-29-13-15-36-000256.jpg 1070,332,1114,420,1 1090,331,1133,423,1 267,0,278,19,1 888,36,904,70,1 276,54,292,97,1
E:/dataset/TOTAL/train\images\c1_2020-10-292020-10-29-13-16-06-000257.jpg 721,44,733,81,1 705,43,721,80,1 856,33,873,63,1 726,7,736,34,1
E:/dataset/TOTAL/train\images\c1_2020-10-292020-10-29-13-16-36-000258.jpg 737,38,753,77,1 725,31,737,71,1 648,8,659,36,1 711,33,728,73,1 291,42,305,74,1 736,0,746,20,1 275,43,289,74,1 269,60,286,109,1 292,62,307,108,1 263,1,277,28,1 743,0,754,21,1
E:/dataset/TOTAL/train\images\c1_2020-10-292020-10-29-13-17-36-000260.jpg 640,0,650,16,1 612,33,625,69,1
E:/dataset/TOTAL/train\images\c1_2020-10-292020-10-29-13-18-06-000261.jpg 348,44,365,89,1 604,12,617,42,1 277,15,288,46,1 289,19,303,46,1 191,139,210,172,1 254,71,276,121,1
E:/dataset/TOTAL/train\images\c1_2020-10-292020-10-29-13-18-37-000262.jpg 631,20,645,57,1 683,57,698,101,1 654,23,667,58,1 627,130,658,194,1 435,17,453,53,1 655,136,677,193,1
E:/dataset/TOTAL/train\images\c1_2020-10-292020-10-29-13-19-07-000263.jpg 593,42,608,79,1 581,41,593,80,1
E:/dataset/TOTAL/train\images\c1_2020-10-292020-10-29-13-19-37-000264.jpg 960,262,996,348,1 453,20,466,52,1 467,20,478,52,1 980,262,1017,347,1 478,13,496,49,1 1026,124,1051,171,1 347,0,355,19,1 336,0,345,19,1 319,0,328,21,1 254,22,287,56,2
E:/dataset/TOTAL/train\images\c1_2020-10-292020-10-29-13-20-07-000265.jpg 790,158,814,223,1 958,258,994,340,1 356,142,383,208,1 700,59,715,98,1 758,52,784,90,1 922,255,964,341,1 284,1,294,28,1 449,0,459,27,1 329,140,349,203,1 777,50,791,90,1 327,0,335,22,1 320,0,329,16,1
E:/dataset/TOTAL/train\images\c1_2020-10-292020-10-29-13-20-37-000266.jpg 607,28,622,61,1 551,67,569,114,1 568,65,590,115,1 408,72,426,119,1 431,75,448,118,1 623,26,644,65,1 447,70,464,115,1 534,69,549,118,1 1028,121,1045,167,1 1043,128,1060,174,1 284,1,295,26,1 309,0,317,23,1 322,0,330,23,1 333,0,341,23,1
E:/dataset/TOTAL/train\images\c1_2020-10-292020-10-29-13-21-07-000267.jpg 443,70,458,116,1 779,81,800,125,1 561,17,572,49,1 423,70,438,120,1 411,74,427,122,1
E:/dataset/TOTAL/train\images\c1_2020-10-292020-10-29-13-21-37-000268.jpg 667,29,678,62,1 677,29,693,64,1 277,59,293,104,1 789,0,802,26,1
E:/dataset/TOTAL/train\images\c1_2020-10-292020-10-29-13-22-07-000269.jpg 592,48,611,86,1 326,164,351,228,1 271,52,292,94,1
E:/dataset/TOTAL/train\images\c1_2020-10-292020-10-29-13-22-37-000270.jpg 679,83,700,134,1 726,0,736,19,1 800,45,813,88,1 809,9,821,33,1
E:/dataset/TOTAL/train\images\c1_2020-10-292020-10-29-13-23-37-000272.jpg 288,17,373,47,0 719,148,745,216,1 763,146,793,211,1
E:/dataset/TOTAL/train\images\c1_2020-10-292020-10-29-13-24-07-000273.jpg 670,2,681,27,1 683,2,693,27,1 778,46,799,85,1 910,46,927,83,1
E:/dataset/TOTAL/train\images\c1_2020-10-292020-10-29-13-24-37-000274.jpg 705,0,714,25,1 291,4,303,32,1
E:/dataset/TOTAL/train\images\c1_2020-10-292020-10-29-13-25-07-000275.jpg 381,184,408,262,1 235,188,268,263,1 270,187,302,264,1 331,187,369,256,1 269,27,280,61,1 323,231,347,307,1 743,12,756,37,1 731,10,742,37,1 282,25,295,60,1 394,188,422,267,1 296,25,305,58,1 724,11,735,40,1 801,0,888,28,0
E:/dataset/TOTAL/train\images\c1_2020-10-292020-10-29-13-25-37-000276.jpg 221,342,268,449,1 279,339,318,373,1 345,31,354,69,1 324,35,343,73,1 194,361,238,473,1
E:/dataset/TOTAL/train\images\c1_2020-10-292020-10-29-13-26-08-000277.jpg 1034,157,1062,220,1 1001,158,1024,217,1
E:/dataset/TOTAL/train\images\c1_2020-10-292020-10-29-13-26-38-000278.jpg 869,202,904,277,1 742,38,762,73,1 731,38,751,75,1 239,209,267,294,1
E:/dataset/TOTAL/train\images\c1_2020-10-292020-10-29-13-27-08-000279.jpg 616,0,765,44,0
E:/dataset/TOTAL/train\images\c1_2020-10-292020-10-29-13-27-38-000280.jpg 877,30,894,60,1
E:/dataset/TOTAL/train\images\c1_2020-10-292020-10-29-13-28-38-000282.jpg 899,57,911,96,1 911,57,923,95,1 910,53,920,92,1
E:/dataset/TOTAL/train\images\c1_2020-10-292020-10-29-13-29-08-000283.jpg 379,59,436,114,0 283,34,293,66,1 363,34,378,73,1
E:/dataset/TOTAL/train\images\c1_2020-10-292020-10-29-13-29-38-000284.jpg 40,146,55,210,1 146,76,165,133,1
E:/dataset/TOTAL/train\images\c1_2020-10-292020-10-29-13-30-08-000285.jpg 417,0,428,26,1 294,4,303,29,1
E:/dataset/TOTAL/train\images\c1_2020-10-292020-10-29-13-30-38-000286.jpg 667,13,676,43,1 601,168,638,240,1 475,0,490,22,1 169,105,187,151,1
E:/dataset/TOTAL/train\images\c1_2020-10-292020-10-29-13-31-38-000288.jpg 682,50,697,90,1 344,7,355,36,1
E:/dataset/TOTAL/train\images\c1_2020-10-292020-10-29-13-32-08-000289.jpg 746,0,828,33,0 392,0,408,16,1
E:/dataset/TOTAL/train\images\c1_2020-10-292020-10-29-13-32-38-000290.jpg 595,261,635,359,1 260,0,270,23,1 268,0,282,22,1
E:/dataset/TOTAL/train\images\c1_2020-10-292020-10-29-13-33-08-000291.jpg 370,0,385,17,1
E:/dataset/TOTAL/train\images\c1_2020-10-292020-10-29-13-33-39-000292.jpg 406,0,433,17,0 333,7,343,34,1 288,0,297,24,1 279,0,288,25,1
E:/dataset/TOTAL/train\images\c1_2020-10-292020-10-29-13-34-09-000293.jpg 752,143,775,211,1 781,147,806,210,1 242,210,277,296,1 731,10,741,40,1 719,10,729,38,1 282,209,312,299,1 348,0,356,20,1
E:/dataset/TOTAL/train\images\c1_2020-10-292020-10-29-13-34-39-000294.jpg 464,123,486,182,1
E:/dataset/TOTAL/train\images\c1_2020-10-292020-10-29-13-35-09-000295.jpg 342,0,462,44,0 255,166,285,240,1 325,251,361,343,1 320,3,328,28,1
E:/dataset/TOTAL/train\images\c1_2020-10-292020-10-29-13-35-39-000296.jpg 636,0,646,14,1 305,2,316,27,1 257,0,270,26,1
E:/dataset/TOTAL/train\images\c1_2020-10-292020-10-29-13-36-09-000297.jpg 714,119,738,179,1
E:/dataset/TOTAL/train\images\c1_2020-10-292020-10-29-13-36-39-000298.jpg 773,102,795,153,1 885,105,909,155,1
E:/dataset/TOTAL/train\images\c1_2020-10-292020-10-29-13-37-09-000299.jpg 694,13,703,49,1
E:/dataset/TOTAL/train\images\c1_2020-10-292020-10-29-13-37-39-000300.jpg 674,102,694,160,1 693,13,702,48,1 414,42,427,83,1 401,45,416,84,1
E:/dataset/TOTAL/train\images\c1_2020-10-292020-10-29-13-38-09-000301.jpg 680,8,737,49,0 744,37,765,77,1 290,0,297,16,1
E:/dataset/TOTAL/train\images\c1_2020-10-292020-10-29-13-38-39-000302.jpg 1084,330,1137,431,1 361,165,389,240,1
E:/dataset/TOTAL/train\images\c1_2020-10-292020-10-29-13-39-09-000303.jpg 640,11,651,42,1 621,14,632,48,1 810,72,826,115,1 612,17,622,49,1 316,2,328,31,1 273,64,286,102,1 782,10,793,44,1 896,23,906,41,1
E:/dataset/TOTAL/train\images\c1_2020-10-292020-10-29-13-39-39-000304.jpg 492,222,883,647,0
E:/dataset/TOTAL/train\images\c1_2020-10-292020-10-29-13-40-09-000305.jpg 417,12,490,55,0 782,75,801,119,1
E:/dataset/TOTAL/train\images\c1_2020-10-292020-10-29-13-40-39-000306.jpg 882,27,943,65,0 241,183,265,258,1
E:/dataset/TOTAL/train\images\c1_2020-10-292020-10-29-13-41-09-000307.jpg 357,112,381,166,1 273,25,285,56,1 882,27,945,66,0
E:/dataset/TOTAL/train\images\c1_2020-10-292020-10-29-13-41-39-000308.jpg 882,26,944,64,0 342,0,377,27,0 786,19,798,48,1
E:/dataset/TOTAL/train\images\c1_2020-10-292020-10-29-13-42-09-000309.jpg 883,27,944,65,0 329,0,341,26,1 348,0,361,23,1
E:/dataset/TOTAL/train\images\c1_2020-10-292020-10-29-13-42-40-000310.jpg 883,28,942,63,0 476,179,517,256,1 426,189,462,266,1
E:/dataset/TOTAL/train\images\c1_2020-10-292020-10-29-13-44-10-000313.jpg 430,123,550,272,0 882,26,938,63,0
E:/dataset/TOTAL/train\images\c1_2020-10-292020-10-29-13-45-10-000315.jpg 423,175,547,297,0 883,28,942,64,0 471,0,480,21,1
E:/dataset/TOTAL/train\images\c1_2020-10-292020-10-29-13-45-40-000316.jpg 879,26,942,61,0 640,39,652,80,1 738,0,746,19,1
E:/dataset/TOTAL/train\images\c1_2020-10-292020-10-29-13-46-10-000317.jpg 787,0,827,31,0 821,164,847,236,1 827,116,843,170,1 873,60,888,101,1
E:/dataset/TOTAL/train\images\c1_2020-10-292020-10-29-13-46-40-000318.jpg 832,129,852,185,1 237,214,264,303,1
E:/dataset/TOTAL/train\images\c1_2020-10-292020-10-29-13-47-10-000319.jpg 1111,183,1136,242,1 700,85,714,130,1
E:/dataset/TOTAL/train\images\c1_2020-10-292020-10-29-13-47-40-000320.jpg 691,110,714,164,1
E:/dataset/TOTAL/train\images\c1_2020-10-292020-10-29-13-48-10-000321.jpg 738,137,759,201,1 547,0,558,28,1
E:/dataset/TOTAL/train\images\c1_2020-10-292020-10-29-13-48-40-000322.jpg 355,39,369,77,1 294,65,315,102,1
E:/dataset/TOTAL/train\images\c1_2020-10-292020-10-29-13-51-41-000328.jpg 453,172,603,343,0 271,50,285,90,1 763,5,773,31,1 752,4,768,34,1
E:/dataset/TOTAL/train\images\c1_2020-10-292020-10-29-13-52-11-000329.jpg 284,20,295,51,1
E:/dataset/TOTAL/train\images\c1_2020-10-292020-10-29-13-52-41-000330.jpg 629,62,645,105,1
E:/dataset/TOTAL/train\images\c1_2020-10-292020-10-29-13-53-41-000332.jpg 768,150,793,207,1
E:/dataset/TOTAL/train\images\c1_2020-10-292020-10-29-13-54-41-000334.jpg 382,15,473,43,0
E:/dataset/TOTAL/train\images\c1_2020-10-292020-10-29-13-55-11-000335.jpg 628,0,714,28,0 541,245,588,342,1
E:/dataset/TOTAL/train\images\c1_2020-10-292020-10-29-13-55-41-000336.jpg 650,8,661,42,1 1064,201,1092,250,1 347,0,356,16,1
E:/dataset/TOTAL/train\images\c1_2020-10-292020-10-29-13-56-11-000337.jpg 420,111,509,200,0 263,174,290,239,1 58,141,78,203,1 245,147,266,201,1 859,27,874,61,1
E:/dataset/TOTAL/train\images\c1_2020-10-292020-10-29-13-56-41-000338.jpg 570,39,584,81,1 599,20,612,51,1 586,22,599,52,1 517,10,528,41,1 815,12,905,41,0
E:/dataset/TOTAL/train\images\c1_2020-10-292020-10-29-13-57-42-000340.jpg 273,180,301,264,1 387,45,407,85,1 289,42,302,78,1 285,19,297,48,1
E:/dataset/TOTAL/train\images\c1_2020-10-292020-10-29-13-58-12-000341.jpg 733,0,810,25,0 342,56,359,103,1 379,54,397,100,1 363,54,377,96,1 879,43,892,84,1
E:/dataset/TOTAL/train\images\c1_2020-10-292020-10-29-13-58-42-000342.jpg 440,0,453,27,1 450,0,462,28,1 268,69,286,110,1
E:/dataset/TOTAL/train\images\c1_2020-10-292020-10-29-13-59-12-000343.jpg 850,36,862,65,1
E:/dataset/TOTAL/train\images\c1_2020-10-292020-10-29-14-00-12-000345.jpg 543,60,565,102,1
E:/dataset/TOTAL/train\images\c1_2020-10-292020-10-29-14-00-42-000346.jpg 590,4,601,35,1 273,39,288,78,1
E:/dataset/TOTAL/train\images\c1_2020-10-292020-10-29-14-01-12-000347.jpg 247,393,286,522,1 249,119,275,178,1
E:/dataset/TOTAL/train\images\c1_2020-10-292020-10-29-14-03-12-000351.jpg 474,0,483,26,1 488,4,498,25,1
E:/dataset/TOTAL/train\images\c1_2020-10-292020-10-29-14-05-43-000356.jpg 467,278,634,472,0
E:/dataset/TOTAL/train\images\c1_2020-10-292020-10-29-14-06-43-000358.jpg 523,92,540,149,1 504,0,514,18,1
E:/dataset/TOTAL/train\images\c1_2020-10-292020-10-29-14-07-43-000360.jpg 691,137,714,201,1 269,243,300,345,1
E:/dataset/TOTAL/train\images\c1_2020-10-292020-10-29-14-08-43-000362.jpg 277,25,289,51,1 264,28,277,57,1 277,38,296,74,1
E:/dataset/TOTAL/train\images\c1_2020-10-292020-10-29-14-09-13-000363.jpg 414,62,504,187,0 819,69,839,110,1
E:/dataset/TOTAL/train\images\c1_2020-10-292020-10-29-14-09-43-000364.jpg 740,0,752,20,1 737,30,748,65,1
E:/dataset/TOTAL/train\images\c1_2020-10-292020-10-29-14-10-13-000365.jpg 269,72,288,122,1
E:/dataset/TOTAL/train\images\c1_2020-10-292020-10-29-14-10-43-000366.jpg 507,0,660,79,0 667,29,681,68,1 498,0,510,39,1
E:/dataset/TOTAL/train\images\c1_2020-10-292020-10-29-14-13-13-000371.jpg 427,20,473,54,0 266,76,287,129,1 693,112,721,174,2
E:/dataset/TOTAL/train\images\c1_2020-10-292020-10-29-14-14-14-000373.jpg 953,121,1108,258,0 467,54,530,101,0 278,81,304,134,1 342,86,367,139,1 316,77,330,128,1 321,85,340,136,1
E:/dataset/TOTAL/train\images\c1_2020-10-292020-10-29-14-14-44-000374.jpg 541,0,553,31,1 554,0,564,30,1 616,0,623,13,1
E:/dataset/TOTAL/train\images\c1_2020-10-292020-10-29-14-15-44-000376.jpg 418,277,463,378,1
E:/dataset/TOTAL/train\images\c1_2020-10-292020-10-29-14-16-14-000377.jpg 334,0,432,50,0 658,4,670,34,1
E:/dataset/TOTAL/train\images\c1_2020-10-292020-10-29-14-16-44-000378.jpg 273,191,302,267,1
E:/dataset/TOTAL/train\images\c1_2020-10-292020-10-29-14-17-44-000380.jpg 567,22,632,100,0
E:/dataset/TOTAL/train\images\c1_2020-10-292020-10-29-14-21-45-000388.jpg 680,0,760,30,0 729,45,741,81,1
E:/dataset/TOTAL/train\images\c1_2020-10-292020-10-29-14-22-15-000389.jpg 593,13,605,45,1
E:/dataset/TOTAL/train\images\c1_2020-10-292020-10-29-14-22-45-000390.jpg 248,252,282,343,1 813,0,934,50,0
E:/dataset/TOTAL/train\images\c1_2020-10-292020-10-29-14-23-15-000391.jpg 829,232,858,312,1 824,88,848,136,1
E:/dataset/TOTAL/train\images\c1_2020-10-292020-10-29-14-23-45-000392.jpg 384,0,497,41,0 1083,451,1132,560,1
E:/dataset/TOTAL/train\images\c1_2020-10-292020-10-29-14-24-45-000394.jpg 261,0,422,41,0
E:/dataset/TOTAL/train\images\c1_2020-10-292020-10-29-14-25-15-000395.jpg 648,90,669,142,1 690,93,713,149,1 383,49,398,92,1 396,52,409,94,1 506,28,520,64,1 492,30,504,63,1 778,13,792,41,1
E:/dataset/TOTAL/train\images\c1_2020-10-292020-10-29-14-25-45-000396.jpg 471,17,481,50,1
E:/dataset/TOTAL/train\images\c1_2020-10-292020-10-29-14-27-15-000399.jpg 886,47,900,84,1 663,122,685,179,1 302,59,318,103,1 781,0,792,23,1 392,90,415,149,2
E:/dataset/TOTAL/train\images\c1_2020-10-292020-10-29-14-28-15-000401.jpg 899,26,939,58,0 1114,187,1140,233,1
E:/dataset/TOTAL/train\images\c1_2020-10-292020-10-29-14-29-16-000403.jpg 350,51,364,93,1 366,47,380,93,1 334,49,349,95,1 1100,231,1125,271,1 804,15,812,31,1
E:/dataset/TOTAL/train\images\c1_2020-10-292020-10-29-14-29-46-000404.jpg 883,37,895,69,1 261,13,271,38,1
E:/dataset/TOTAL/train\images\c1_2020-10-292020-10-29-14-30-16-000405.jpg 584,42,701,97,0 798,82,812,126,1 324,0,335,14,1
E:/dataset/TOTAL/train\images\c1_2020-10-292020-10-29-14-30-46-000406.jpg 911,336,946,425,1 1095,175,1118,229,1 319,0,326,11,1
E:/dataset/TOTAL/train\images\c1_2020-10-292020-10-29-14-31-16-000407.jpg 669,16,679,42,1 690,5,700,35,1
E:/dataset/TOTAL/train\images\c1_2020-10-292020-10-29-14-31-46-000408.jpg 452,51,506,92,0 746,24,759,59,1 495,0,501,17,1
E:/dataset/TOTAL/train\images\c1_2020-10-292020-10-29-14-32-16-000409.jpg 871,204,903,280,1 268,0,284,21,1
E:/dataset/TOTAL/train\images\c1_2020-10-292020-10-29-14-32-46-000410.jpg 753,154,783,228,1 779,155,801,226,1
E:/dataset/TOTAL/train\images\c1_2020-10-292020-10-29-14-33-46-000412.jpg 796,162,823,233,1 906,227,944,303,1 869,218,902,304,1 821,159,846,230,1 701,38,714,76,1 1108,474,1150,595,1 598,0,605,14,1
E:/dataset/TOTAL/train\images\c1_2020-10-292020-10-29-14-34-16-000413.jpg 280,224,309,313,1 646,0,657,27,1 663,3,672,29,1 670,0,680,21,1 498,2,509,33,1 681,0,692,21,1
E:/dataset/TOTAL/train\images\c1_2020-10-292020-10-29-14-34-46-000414.jpg 582,5,594,33,1
E:/dataset/TOTAL/train\images\c1_2020-10-292020-10-29-14-36-16-000417.jpg 628,2,639,30,1 602,0,614,26,1 614,4,629,33,1
E:/dataset/TOTAL/train\images\c1_2020-10-292020-10-29-14-36-46-000418.jpg 447,225,477,322,1 429,31,446,70,1 461,33,476,69,1 486,33,502,71,1 502,36,513,73,1 676,25,689,60,1 675,34,691,71,1
E:/dataset/TOTAL/train\images\c1_2020-10-292020-10-29-14-37-16-000419.jpg 710,27,803,95,0 637,0,646,26,1
E:/dataset/TOTAL/train\images\c1_2020-10-292020-10-29-14-37-46-000420.jpg 717,29,809,97,0 493,303,532,406,1 663,300,701,410,1 577,291,621,400,1 543,285,588,390,1 846,126,865,181,1 492,106,510,166,1 836,119,863,172,1 654,0,663,16,1
E:/dataset/TOTAL/train\images\c1_2020-10-292020-10-29-14-38-17-000421.jpg 717,29,810,98,0 1008,166,1034,226,1 878,21,888,52,1 634,24,650,60,1 649,25,662,61,1 862,55,873,95,1
E:/dataset/TOTAL/train\images\c1_2020-10-292020-10-29-14-38-47-000422.jpg 717,29,810,98,0 724,140,750,203,1 1087,433,1151,552,1 881,23,893,52,1 493,0,503,19,1
E:/dataset/TOTAL/train\images\c1_2020-10-292020-10-29-14-39-17-000423.jpg 717,29,810,98,0 616,4,628,35,1 487,0,498,25,1 898,27,909,52,1
E:/dataset/TOTAL/train\images\c1_2020-10-292020-10-29-14-39-47-000424.jpg 717,29,810,98,0 508,66,529,109,1 857,29,870,61,1 904,28,915,55,1
E:/dataset/TOTAL/train\images\c1_2020-10-292020-10-29-14-40-17-000425.jpg 717,29,810,98,0 841,74,858,123,1 854,77,872,123,1 897,27,907,51,1 910,530,1151,647,0
E:/dataset/TOTAL/train\images\c1_2020-10-292020-10-29-14-40-47-000426.jpg 717,29,810,98,0 823,160,851,238,1 767,153,796,231,1 794,158,820,229,1
E:/dataset/TOTAL/train\images\c1_2020-10-292020-10-29-14-41-17-000427.jpg 716,29,809,97,0 650,1,662,31,1 635,0,645,29,1 625,0,635,28,1
E:/dataset/TOTAL/train\images\c1_2020-10-292020-10-29-14-41-47-000428.jpg 717,29,808,97,0
E:/dataset/TOTAL/train\images\c1_2020-10-292020-10-29-14-42-17-000429.jpg 717,29,808,97,0 350,27,425,59,0 535,16,548,51,1 799,2,807,27,1
E:/dataset/TOTAL/train\images\c1_2020-10-292020-10-29-14-42-47-000430.jpg 717,29,808,97,0 550,20,563,54,1 799,3,807,28,1
E:/dataset/TOTAL/train\images\c1_2020-10-292020-10-29-14-43-17-000431.jpg 717,30,808,96,0 174,109,197,164,1 715,0,723,17,1
E:/dataset/TOTAL/train\images\c1_2020-10-292020-10-29-14-43-47-000432.jpg 717,29,808,96,0 612,181,751,281,0 293,112,314,169,1 263,105,285,167,1 751,0,761,23,1
E:/dataset/TOTAL/train\images\c1_2020-10-292020-10-29-14-44-17-000433.jpg 717,29,808,96,0 252,192,277,272,1 289,0,297,22,1
E:/dataset/TOTAL/train\images\c1_2020-10-292020-10-29-14-44-47-000434.jpg 717,29,808,96,0 287,0,295,21,1
E:/dataset/TOTAL/train\images\c1_2020-10-292020-10-29-14-45-17-000435.jpg 539,37,603,93,0 718,14,808,96,0 804,111,905,185,0 696,55,706,99,1 709,55,723,98,1 696,0,702,24,1 728,0,858,33,0 269,78,285,116,1 761,69,779,110,1 753,59,761,69,1
E:/dataset/TOTAL/train\images\c1_2020-10-292020-10-29-14-45-47-000436.jpg 699,11,809,97,0 249,134,270,199,1 745,62,761,102,1 753,61,767,100,1 762,46,771,61,1 735,53,745,67,1 866,18,932,45,0
E:/dataset/TOTAL/train\images\c1_2020-10-292020-10-29-14-46-18-000437.jpg 718,11,809,97,0 726,48,736,90,1 739,51,752,94,1 745,59,761,101,1
E:/dataset/TOTAL/train\images\c1_2020-10-292020-10-29-14-46-48-000438.jpg 718,12,808,98,0 714,2,809,48,0 688,92,710,145,1 746,41,764,78,1 691,51,708,92,1 707,59,720,101,1 721,51,732,89,1
E:/dataset/TOTAL/train\images\c1_2020-10-292020-10-29-14-47-18-000439.jpg 717,28,808,97,0 688,12,696,44,1 745,60,758,101,1 705,50,716,88,1 273,34,285,71,1 695,57,710,98,1
E:/dataset/TOTAL/train\images\c1_2020-10-292020-10-29-14-47-48-000440.jpg 717,28,808,96,0 663,40,677,80,1 1116,349,1151,452,1 694,57,708,97,1 718,48,730,84,1 817,84,834,131,1 690,54,713,91,1 1096,357,1150,462,1
E:/dataset/TOTAL/train\images\c1_2020-10-292020-10-29-14-48-18-000441.jpg 717,28,808,96,0 836,176,859,249,1 578,36,596,76,1 602,40,616,80,1 689,44,704,93,1 592,37,603,76,1 719,47,730,86,1 693,55,704,97,1
E:/dataset/TOTAL/train\images\c1_2020-10-292020-10-29-14-48-48-000442.jpg 722,29,808,96,0 730,57,742,98,1 722,51,734,87,1 739,75,763,120,1 709,48,722,86,1 702,57,713,99,1 685,54,701,90,1
E:/dataset/TOTAL/train\images\c1_2020-10-292020-10-29-14-49-18-000443.jpg 699,25,798,92,0 839,84,859,127,1 898,79,916,117,1 796,87,820,138,1 860,76,878,116,1
E:/dataset/TOTAL/train\images\c1_2020-10-292020-10-29-14-50-18-000445.jpg 1120,375,1151,442,1 273,227,308,326,1
E:/dataset/TOTAL/train\images\c1_2020-10-292020-10-29-14-50-48-000446.jpg 733,64,750,107,1 856,30,867,61,1 295,0,305,29,1
E:/dataset/TOTAL/train\images\c1_2020-10-292020-10-29-14-53-48-000452.jpg 345,0,397,24,0 1001,367,1050,486,1 1000,273,1040,367,1 480,30,493,62,1 496,30,509,64,1 258,90,283,144,1
E:/dataset/TOTAL/train\images\c1_2020-10-292020-10-29-14-54-19-000453.jpg 237,242,272,338,1 702,84,720,131,1 721,17,739,52,1 505,0,517,28,1 730,83,752,133,1 491,0,503,24,1
E:/dataset/TOTAL/train\images\c1_2020-10-292020-10-29-14-54-49-000454.jpg 399,24,522,209,0 258,289,294,374,1 221,287,256,385,1
E:/dataset/TOTAL/train\images\c1_2020-10-292020-10-29-14-55-49-000456.jpg 552,5,562,36,1 447,0,456,18,1 296,3,305,30,1 440,0,446,17,1
E:/dataset/TOTAL/train\images\c1_2020-10-292020-10-29-14-56-19-000457.jpg 680,221,710,310,1 648,213,680,300,1 575,8,595,39,1 70,148,93,193,1
E:/dataset/TOTAL/train\images\c1_2020-10-292020-10-29-14-56-49-000458.jpg 209,98,231,144,1
E:/dataset/TOTAL/train\images\c1_2020-10-292020-10-29-14-57-19-000459.jpg 275,189,307,258,1 687,55,703,100,1 254,188,277,261,1 310,177,333,245,1 1007,280,1051,374,1 223,345,264,462,1 283,4,293,24,1
E:/dataset/TOTAL/train\images\c1_2020-10-292020-10-29-14-57-49-000460.jpg 680,20,691,53,1 310,4,318,28,1 299,6,305,29,1 285,6,294,30,1 271,16,281,46,1
E:/dataset/TOTAL/train\images\c1_2020-10-292020-10-29-14-58-19-000461.jpg 394,21,407,57,1
E:/dataset/TOTAL/train\images\c1_2020-10-292020-10-29-14-58-49-000462.jpg 656,42,670,80,1
E:/dataset/TOTAL/train\images\c1_2020-10-292020-10-29-14-59-49-000464.jpg 393,240,537,417,0 243,192,276,276,1 641,2,653,31,1
E:/dataset/TOTAL/train\images\c1_2020-10-292020-10-29-15-00-19-000465.jpg 282,5,295,33,1
E:/dataset/TOTAL/train\images\c1_2020-10-292020-10-29-15-00-49-000466.jpg 492,15,501,49,1
E:/dataset/TOTAL/train\images\c1_2020-10-292020-10-29-15-01-19-000467.jpg 269,41,283,78,1
E:/dataset/TOTAL/train\images\c1_2020-10-292020-10-29-15-01-49-000468.jpg 484,28,503,65,1 549,22,563,60,1 980,258,1015,350,1
E:/dataset/TOTAL/train\images\c1_2020-10-292020-10-29-15-02-20-000469.jpg 273,41,286,78,1 753,37,768,73,1 288,40,302,76,1
E:/dataset/TOTAL/train\images\c1_2020-10-292020-10-29-15-02-50-000470.jpg 743,134,763,191,1 732,126,748,182,1 287,78,302,128,1 265,80,285,132,1 783,138,806,190,1 553,34,565,70,1 790,140,814,195,1
E:/dataset/TOTAL/train\images\c1_2020-10-292020-10-29-15-03-20-000471.jpg 891,232,928,313,1 627,10,639,42,1 508,9,517,40,1 715,0,725,17,1 740,0,748,18,1 517,10,526,42,1
E:/dataset/TOTAL/train\images\c1_2020-10-292020-10-29-15-03-50-000472.jpg 680,117,705,177,1 706,124,736,178,1 458,135,491,206,1 339,121,360,186,1 680,39,694,77,1 360,117,384,182,1 263,125,286,189,1 274,205,305,295,1 745,126,759,187,1 232,215,261,299,1 312,200,338,277,1 232,179,256,237,1 274,188,306,271,1
E:/dataset/TOTAL/train\images\c1_2020-10-292020-10-29-15-04-20-000473.jpg 533,90,657,203,0 350,97,371,151,1 373,93,394,149,1 884,53,900,90,1 286,28,298,62,1 299,27,306,60,1 309,18,320,52,1 878,50,895,90,1
E:/dataset/TOTAL/train\images\c1_2020-10-292020-10-29-15-04-50-000474.jpg 296,128,316,185,1 272,127,289,182,1 237,127,260,200,1 350,27,362,64,1 332,30,344,65,1 8,158,25,215,1
E:/dataset/TOTAL/train\images\c1_2020-10-292020-10-29-15-05-20-000475.jpg 263,161,288,231,1 237,161,258,234,1 275,47,289,85,1 375,29,388,61,1 357,30,370,65,1 286,0,296,25,1 289,14,300,43,1
E:/dataset/TOTAL/train\images\c1_2020-10-292020-10-29-15-05-50-000476.jpg 505,489,560,621,1 418,2,427,29,1 428,0,437,29,1
E:/dataset/TOTAL/train\images\c1_2020-10-292020-10-29-15-06-20-000477.jpg 761,143,784,207,1 478,189,516,267,1 774,158,803,235,1 313,25,322,56,1 278,41,292,79,1 291,40,304,78,1 1048,124,1064,171,1 1032,123,1050,161,1 288,0,296,13,1
E:/dataset/TOTAL/train\images\c1_2020-10-292020-10-29-15-06-50-000478.jpg 407,271,455,381,1 771,97,791,143,1 444,251,478,343,1 700,10,710,41,1 289,46,302,88,1 275,48,286,89,1 629,0,639,25,1
E:/dataset/TOTAL/train\images\c1_2020-10-292020-10-29-15-07-20-000479.jpg 453,233,489,324,1 388,62,406,104,1 329,0,337,21,1 314,0,325,22,1 309,16,320,48,1
E:/dataset/TOTAL/train\images\c1_2020-10-292020-10-29-15-07-50-000480.jpg 192,493,247,625,1 286,24,299,56,1 513,7,523,36,1 311,27,321,62,1 388,10,400,42,2
E:/dataset/TOTAL/train\images\c1_2020-10-292020-10-29-15-08-20-000481.jpg 415,205,446,285,1 280,83,298,137,1 263,540,319,647,1
E:/dataset/TOTAL/train\images\c1_2020-10-292020-10-29-15-08-50-000482.jpg 609,16,620,49,1 369,18,379,53,1
E:/dataset/TOTAL/train\images\c1_2020-10-292020-10-29-15-09-20-000483.jpg 728,139,751,203,1 752,0,763,23,1
E:/dataset/TOTAL/train\images\c1_2020-10-292020-10-29-15-09-50-000484.jpg 274,196,304,275,1 241,199,268,276,1 552,1,562,31,1 324,0,331,13,1
E:/dataset/TOTAL/train\images\c1_2020-10-292020-10-29-15-10-21-000485.jpg 231,261,268,358,1 196,531,251,645,1 835,265,866,358,1 348,161,373,233,1 859,306,901,398,1 909,292,953,389,1 453,2,464,30,1 436,5,449,33,1 465,0,475,30,1 677,0,685,14,1 475,2,483,32,1 927,267,965,354,1
E:/dataset/TOTAL/train\images\c1_2020-10-292020-10-29-15-10-51-000486.jpg 427,64,558,245,0 969,273,1014,372,1 1015,290,1061,377,1 905,331,949,431,1 915,298,950,392,1
E:/dataset/TOTAL/train\images\c1_2020-10-292020-10-29-15-11-51-000488.jpg 876,259,919,352,1 954,259,997,353,1 978,248,1014,338,1 921,248,958,342,1
E:/dataset/TOTAL/train\images\c1_2020-10-292020-10-29-15-12-21-000489.jpg 677,13,689,46,1
E:/dataset/TOTAL/train\images\c1_2020-10-292020-10-29-15-12-51-000490.jpg 271,60,286,103,1
E:/dataset/TOTAL/train\images\c1_2020-10-292020-10-29-15-13-21-000491.jpg 591,0,603,29,1 283,17,293,47,1 317,15,325,46,1
E:/dataset/TOTAL/train\images\c1_2020-10-292020-10-29-15-13-51-000492.jpg 269,126,297,193,1 316,137,335,202,1 295,141,316,209,1 282,72,296,119,1 249,138,271,205,1 261,75,279,122,1 271,140,293,204,1
E:/dataset/TOTAL/train\images\c1_2020-10-292020-10-29-15-14-21-000493.jpg 699,2,768,56,0 405,60,418,103,1 200,378,246,501,1 377,57,395,103,1 418,59,433,107,1
E:/dataset/TOTAL/train\images\c1_2020-10-292020-10-29-15-14-51-000494.jpg 729,55,746,97,1 746,53,760,97,1
E:/dataset/TOTAL/train\images\c1_2020-10-292020-10-29-15-15-21-000495.jpg 274,8,284,34,1 773,6,834,38,0
E:/dataset/TOTAL/train\images\c1_2020-10-292020-10-29-15-15-51-000496.jpg 357,49,372,89,1 372,46,386,84,1
E:/dataset/TOTAL/train\images\c1_2020-10-292020-10-29-15-16-21-000497.jpg 480,209,756,547,0 722,4,734,33,1 750,7,763,35,1 401,0,410,21,1
E:/dataset/TOTAL/train\images\c1_2020-10-292020-10-29-15-16-51-000498.jpg 416,0,425,17,1
E:/dataset/TOTAL/train\images\c1_2020-10-292020-10-29-15-17-51-000500.jpg 506,9,585,36,0 784,8,792,33,1 658,0,711,25,0
E:/dataset/TOTAL/train\images\c1_2020-10-292020-10-29-15-19-22-000503.jpg 505,275,778,647,0 250,109,268,167,1 283,1,294,26,1 343,0,351,22,1 294,1,304,26,1 659,0,711,25,0
E:/dataset/TOTAL/train\images\c1_2020-10-292020-10-29-15-19-52-000504.jpg 769,107,785,160,1 361,126,392,187,1 410,123,430,182,1 606,0,615,19,1 657,0,711,25,0
E:/dataset/TOTAL/train\images\c1_2020-10-292020-10-29-15-20-52-000506.jpg 902,40,918,73,1 429,0,439,25,1 261,2,270,27,1 441,0,449,25,1 658,0,710,25,0
E:/dataset/TOTAL/train\images\c1_2020-10-292020-10-29-15-21-22-000507.jpg 435,0,447,15,1 939,253,985,344,1 658,0,710,25,0
E:/dataset/TOTAL/train\images\c1_2020-10-292020-10-29-15-21-52-000508.jpg 669,61,686,105,1 693,64,707,105,1 438,0,449,24,1 657,0,711,25,0
E:/dataset/TOTAL/train\images\c1_2020-10-292020-10-29-15-22-22-000509.jpg 883,205,913,290,1 728,2,736,31,1 717,4,728,35,1 657,0,724,25,0 275,0,285,22,1
E:/dataset/TOTAL/train\images\c1_2020-10-292020-10-29-15-22-52-000510.jpg 865,44,877,80,1 635,0,645,20,1 914,57,925,91,1 657,0,712,25,0
E:/dataset/TOTAL/train\images\c1_2020-10-292020-10-29-15-23-22-000511.jpg 514,0,600,32,0 886,73,903,109,1 491,0,503,33,1 657,0,711,26,0
E:/dataset/TOTAL/train\images\c1_2020-10-292020-10-29-15-23-52-000512.jpg 872,269,914,357,1 763,28,778,61,1 807,76,824,118,1 657,0,711,26,0
E:/dataset/TOTAL/train\images\c1_2020-10-292020-10-29-15-24-22-000513.jpg 637,0,649,21,1 296,0,306,25,1 308,0,317,23,1 657,0,710,26,0
E:/dataset/TOTAL/train\images\c1_2020-10-292020-10-29-15-24-52-000514.jpg 636,1,647,29,1 643,5,656,33,1 898,92,912,135,1 782,54,801,95,1 813,58,827,100,1 791,7,801,34,1 735,0,743,21,1 657,0,709,25,0 628,3,643,33,1
E:/dataset/TOTAL/train\images\c1_2020-10-292020-10-29-15-25-22-000515.jpg 888,86,905,128,1 657,0,710,26,0 728,0,739,28,1
E:/dataset/TOTAL/train\images\c1_2020-10-292020-10-29-15-25-52-000516.jpg 508,0,592,29,0 241,161,268,237,1 339,47,355,87,1
E:/dataset/TOTAL/train\images\c1_2020-10-292020-10-29-15-26-23-000517.jpg 340,62,357,105,1 544,7,555,35,1 916,41,927,71,1
E:/dataset/TOTAL/train\images\c1_2020-10-292020-10-29-15-26-53-000518.jpg 359,97,388,148,1 730,0,740,26,1 720,0,729,25,1 795,2,805,27,1
E:/dataset/TOTAL/train\images\c1_2020-10-292020-10-29-15-27-53-000520.jpg 1089,157,1106,197,1 444,0,456,18,1
E:/dataset/TOTAL/train\images\c1_2020-10-292020-10-29-15-28-23-000521.jpg 442,53,513,167,0 352,20,365,52,1
E:/dataset/TOTAL/train\images\c1_2020-10-292020-10-29-15-28-53-000522.jpg 355,0,453,52,0 361,168,391,237,1 646,0,656,18,1
E:/dataset/TOTAL/train\images\c1_2020-10-292020-10-29-15-29-23-000523.jpg 419,343,461,453,1
E:/dataset/TOTAL/train\images\c1_2020-10-292020-10-29-15-29-53-000524.jpg 378,169,407,240,1
E:/dataset/TOTAL/train\images\c1_2020-10-292020-10-29-15-30-23-000525.jpg 763,97,780,145,1 797,59,811,101,1 370,268,415,360,1 815,58,829,101,1
E:/dataset/TOTAL/train\images\c1_2020-10-292020-10-29-15-30-53-000526.jpg 772,47,787,87,1 568,20,580,53,1 268,84,284,131,1
E:/dataset/TOTAL/train\images\c1_2020-10-292020-10-29-15-32-23-000529.jpg 270,15,287,44,1
E:/dataset/TOTAL/train\images\c1_2020-10-292020-10-29-15-32-53-000530.jpg 459,530,519,647,1
E:/dataset/TOTAL/train\images\c1_2020-10-292020-10-29-15-33-23-000531.jpg 859,295,914,387,1 484,90,507,149,1 902,46,920,83,1 896,49,911,85,1
E:/dataset/TOTAL/train\images\c1_2020-10-292020-10-29-15-33-54-000532.jpg 522,283,744,561,0 809,18,822,49,1
E:/dataset/TOTAL/train\images\c1_2020-10-292020-10-29-15-35-24-000535.jpg 705,2,778,32,0 223,487,272,617,1 451,0,460,19,1 815,17,825,47,1
E:/dataset/TOTAL/train\images\c1_2020-10-292020-10-29-15-35-54-000536.jpg 655,36,666,72,1
E:/dataset/TOTAL/train\images\c1_2020-10-292020-10-29-15-37-24-000539.jpg 637,0,649,16,1 807,20,818,53,1
E:/dataset/TOTAL/train\images\c1_2020-10-292020-10-29-15-38-24-000541.jpg 718,54,734,99,1
E:/dataset/TOTAL/train\images\c1_2020-10-292020-10-29-15-38-54-000542.jpg 343,33,420,84,0 398,0,455,24,0 284,52,301,94,1 268,58,282,97,1
E:/dataset/TOTAL/train\images\c1_2020-10-292020-10-29-15-39-24-000543.jpg 746,137,772,203,1 778,142,803,198,1 294,93,320,149,1 765,143,792,208,1
E:/dataset/TOTAL/train\images\c1_2020-10-292020-10-29-15-40-24-000545.jpg 879,41,896,75,1 907,42,923,77,1 707,0,777,34,0 754,3,764,22,1
E:/dataset/TOTAL/train\images\c1_2020-10-292020-10-29-15-41-25-000547.jpg 237,336,277,447,1 523,57,541,102,1
E:/dataset/TOTAL/train\images\c1_2020-10-292020-10-29-15-42-25-000549.jpg 496,25,509,60,1
E:/dataset/TOTAL/train\images\c1_2020-10-292020-10-29-15-42-55-000550.jpg 626,14,636,48,1 615,16,629,50,1 791,14,801,44,1
E:/dataset/TOTAL/train\images\c1_2020-10-292020-10-29-15-43-55-000552.jpg 618,81,683,163,0 278,16,291,50,1
E:/dataset/TOTAL/train\images\c1_2020-10-292020-10-29-15-44-25-000553.jpg 386,73,446,145,0 623,9,637,42,1 636,10,649,44,1 858,40,874,77,1
E:/dataset/TOTAL/train\images\c1_2020-10-292020-10-29-15-44-55-000554.jpg 238,389,280,511,1 578,0,589,22,1 587,0,601,22,1
E:/dataset/TOTAL/train\images\c1_2020-10-292020-10-29-15-45-25-000555.jpg 739,8,813,35,0 544,3,556,31,1 528,2,541,31,1 43,161,68,213,1 13,162,28,194,1
E:/dataset/TOTAL/train\images\c1_2020-10-292020-10-29-15-45-55-000556.jpg 866,133,894,188,1
E:/dataset/TOTAL/train\images\c1_2020-10-292020-10-29-15-46-25-000557.jpg 398,0,548,72,0 562,32,574,72,1
E:/dataset/TOTAL/train\images\c1_2020-10-292020-10-29-15-46-55-000558.jpg 371,12,384,44,1 380,14,391,45,1
E:/dataset/TOTAL/train\images\c1_2020-10-292020-10-29-15-48-25-000561.jpg 345,1,379,27,0 589,43,602,83,1
E:/dataset/TOTAL/train\images\c1_2020-10-292020-10-29-15-49-25-000563.jpg 424,17,467,46,0
E:/dataset/TOTAL/train\images\c1_2020-10-292020-10-29-15-49-55-000564.jpg 612,181,766,301,0 293,0,301,13,1
E:/dataset/TOTAL/train\images\c1_2020-10-292020-10-29-15-50-56-000566.jpg 883,28,895,62,1 282,38,298,75,1
E:/dataset/TOTAL/train\images\c1_2020-10-292020-10-29-15-51-26-000567.jpg 260,82,281,133,1 493,1,506,29,1 479,2,490,29,1
E:/dataset/TOTAL/train\images\c1_2020-10-292020-10-29-15-51-56-000568.jpg 415,5,467,55,0 541,137,563,195,1
E:/dataset/TOTAL/train\images\c1_2020-10-292020-10-29-15-52-26-000569.jpg 609,50,625,92,1 650,70,667,116,1 263,72,282,119,1 288,65,303,109,1
E:/dataset/TOTAL/train\images\c1_2020-10-292020-10-29-15-52-56-000570.jpg 701,82,722,131,1
E:/dataset/TOTAL/train\images\c1_2020-10-292020-10-29-15-53-26-000571.jpg 778,91,805,140,1
E:/dataset/TOTAL/train\images\c1_2020-10-292020-10-29-15-53-56-000572.jpg 769,47,785,87,1 754,42,771,83,1 796,48,812,88,1
E:/dataset/TOTAL/train\images\c1_2020-10-292020-10-29-15-54-26-000573.jpg 338,0,367,12,0 509,0,520,23,1
E:/dataset/TOTAL/train\images\c1_2020-10-292020-10-29-15-56-26-000577.jpg 618,470,674,583,1
E:/dataset/TOTAL/train\images\c1_2020-10-292020-10-29-15-57-26-000579.jpg 43,148,65,215,1
E:/dataset/TOTAL/train\images\c1_2020-10-292020-10-29-15-57-56-000580.jpg 750,31,765,61,1 290,4,301,32,1
E:/dataset/TOTAL/train\images\c1_2020-10-292020-10-29-15-58-26-000581.jpg 581,21,592,55,1 579,81,594,132,1
E:/dataset/TOTAL/train\images\c1_2020-10-292020-10-29-15-59-27-000583.jpg 532,18,545,53,1 273,73,297,118,1
E:/dataset/TOTAL/train\images\c1_2020-10-292020-10-29-15-59-57-000584.jpg 473,8,569,48,0 889,74,910,117,1 805,162,837,224,1 785,11,795,40,1
E:/dataset/TOTAL/train\images\c1_2020-10-292020-10-29-16-00-27-000585.jpg 482,4,494,31,1
E:/dataset/TOTAL/train\images\c1_2020-10-292020-10-29-16-00-57-000586.jpg 1055,167,1079,224,1 1072,164,1096,225,1
E:/dataset/TOTAL/train\images\c1_2020-10-292020-10-29-16-01-27-000587.jpg 533,15,548,47,1 699,0,705,16,1 705,0,713,16,1 376,0,384,27,1
E:/dataset/TOTAL/train\images\c1_2020-10-292020-10-29-16-01-57-000588.jpg 481,100,501,152,1 292,0,299,18,1
E:/dataset/TOTAL/train\images\c1_2020-10-292020-10-29-16-02-27-000589.jpg 502,129,534,193,1
E:/dataset/TOTAL/train\images\c1_2020-10-292020-10-29-16-02-57-000590.jpg 496,38,514,78,1 1019,142,1037,191,1 669,0,676,15,1 290,33,301,64,1 793,57,807,95,1
E:/dataset/TOTAL/train\images\c1_2020-10-292020-10-29-16-04-27-000593.jpg 754,16,764,47,1
E:/dataset/TOTAL/train\images\c1_2020-10-292020-10-29-16-04-57-000594.jpg 851,69,869,112,1
E:/dataset/TOTAL/train\images\c1_2020-10-292020-10-29-16-05-27-000595.jpg 209,409,258,528,1 832,61,851,100,1 772,47,790,83,1
E:/dataset/TOTAL/train\images\c1_2020-10-292020-10-29-16-05-57-000596.jpg 763,141,786,201,1 781,1,791,24,1
E:/dataset/TOTAL/train\images\c1_2020-10-292020-10-29-16-06-28-000597.jpg 344,60,361,103,1 326,64,341,102,1 405,30,419,69,1 1094,162,1116,214,1
E:/dataset/TOTAL/train\images\c1_2020-10-292020-10-29-16-06-58-000598.jpg 274,67,295,117,1 275,16,286,44,1 293,15,305,42,1
E:/dataset/TOTAL/train\images\c1_2020-10-292020-10-29-16-07-58-000600.jpg 694,0,702,17,1 843,58,862,98,1 683,0,694,18,1
E:/dataset/TOTAL/train\images\c1_2020-10-292020-10-29-16-09-28-000603.jpg 697,9,774,34,0
E:/dataset/TOTAL/train\images\c1_2020-10-292020-10-29-16-09-58-000604.jpg 508,265,547,363,1 261,94,283,153,1 289,99,312,153,1 284,44,300,76,1 612,14,625,50,1 425,4,438,32,1
E:/dataset/TOTAL/train\images\c1_2020-10-292020-10-29-16-10-28-000605.jpg 572,129,660,218,0 748,18,764,52,1 271,40,287,82,1 732,18,743,49,1 295,46,309,83,1 294,0,302,14,1
E:/dataset/TOTAL/train\images\c1_2020-10-292020-10-29-16-10-58-000606.jpg 565,408,635,541,1 577,181,605,261,1 479,427,527,549,1 286,43,303,83,1 266,41,279,81,1 580,0,590,22,1 282,0,292,24,1
E:/dataset/TOTAL/train\images\c1_2020-10-292020-10-29-16-11-28-000607.jpg 287,165,315,243,1 270,61,284,101,1 848,70,864,110,1 869,66,883,113,1 279,14,289,43,1 246,57,261,97,1 293,11,304,42,1 862,68,875,112,1
E:/dataset/TOTAL/train\images\c1_2020-10-292020-10-29-16-11-58-000608.jpg 485,38,496,78,1 296,26,305,55,1 288,4,299,33,1