E:/dataset/TOTAL/train\images\c1_2020-10-292020-10-29-12-06-57-000119.jpg 779,128,802,185,1 402,52,421,102,1 644,46,658,91,1 885,65,902,106,1 293,69,308,116,1 620,43,633,84,1 900,35,914,72,1 632,44,643,88,1 338,126,376,187,1 288,0,297,16,1 345,148,376,212,1
E:/dataset/TOTAL/train\images\c1_2020-10-292020-10-29-12-07-27-000120.jpg 583,321,623,428,1 630,531,694,647,1 460,545,518,644,1 535,337,582,454,1 595,116,626,187,1 557,517,613,641,1 712,110,739,166,1 263,56,279,100,1 490,339,531,454,1 550,123,580,190,1 287,104,313,162,1 397,113,426,175,1 814,54,834,92,1 268,492,316,636,1 381,97,401,150,1 287,111,315,165,1 381,105,398,151,1 407,114,419,178,1 574,612,620,647,1 61,94,73,122,1
E:/dataset/TOTAL/train\images\c1_2020-10-292020-10-29-12-07-57-000121.jpg 953,239,988,322,1 244,80,264,131,1 420,102,443,158,1 324,23,341,59,1 267,84,284,133,1 343,22,355,56,1 347,128,382,194,1 222,79,239,128,1 537,113,564,171,1 361,20,384,55,1 564,0,575,25,1 310,22,318,60,1 468,0,480,27,1 555,0,565,25,1 276,35,292,75,1 416,0,425,18,1 295,22,306,50,1 337,111,360,172,1 356,8,367,41,1 285,52,301,99,1 136,138,153,164,1 342,115,367,178,1 350,104,363,150,1 290,39,304,77,1 347,10,356,29,1 370,9,383,41,1 426,0,437,17,1
E:/dataset/TOTAL/train\images\c1_2020-10-292020-10-29-12-08-27-000122.jpg 407,212,440,308,1 229,88,245,139,1 569,32,581,74,1 680,44,698,84,1 239,88,266,143,1 699,45,715,85,1 575,0,586,27,1 270,5,280,31,1
E:/dataset/TOTAL/train\images\c1_2020-10-292020-10-29-12-08-57-000123.jpg 424,189,456,274,1 310,165,339,241,1 391,151,416,222,1 645,56,663,102,1 285,169,309,244,1 416,147,438,209,1 266,170,285,246,1 362,150,390,226,1 614,50,636,91,1 673,60,691,103,1 764,43,776,85,1 242,165,268,239,1 594,42,609,84,1 658,97,674,144,1 606,45,621,88,1 536,0,546,22,1 752,44,765,84,1 478,0,488,15,1 312,62,330,114,1 299,62,314,109,1 665,100,679,149,1 546,0,556,22,1 236,152,256,223,1
E:/dataset/TOTAL/train\images\c1_2020-10-292020-10-29-12-09-27-000124.jpg 604,537,655,643,1 493,563,559,646,1 619,188,652,261,1 893,200,922,291,1 653,99,672,153,1 401,98,424,155,1 854,52,870,91,1 277,132,301,188,1 253,129,273,194,1 585,6,597,41,1 622,67,642,118,1 228,86,257,140,1 65,142,87,194,1 638,70,651,114,1 39,140,61,202,1 415,0,428,17,1 269,84,287,138,1 580,611,646,644,1 375,0,386,17,1 268,56,284,91,1 269,38,281,71,1 282,33,296,64,1 298,33,307,66,1 272,0,280,24,1 277,0,287,23,1 289,4,299,29,1 302,1,312,26,1 312,1,321,26,1 322,1,331,27,1 332,0,342,26,1 428,0,438,17,1 364,0,374,19,1 355,0,364,21,1 344,0,351,14,1 634,73,645,123,1
E:/dataset/TOTAL/train\images\c1_2020-10-292020-10-29-12-09-57-000125.jpg 714,96,738,152,1 317,10,327,39,1 353,7,365,40,1 371,8,382,40,1 908,26,917,55,1 610,0,619,21,1 333,10,343,41,1 843,43,862,87,1 623,0,634,22,1 589,0,598,20,1 540,0,550,22,1 309,11,319,43,1 915,26,926,55,1 268,45,285,87,1 601,0,609,20,1 168,101,188,146,1 160,101,173,150,1 275,56,288,99,1 294,56,308,95,1 286,43,302,81,1 336,4,346,33,1 326,0,334,31,1 282,54,294,90,1 588,0,595,22,1 579,0,587,22,1
E:/dataset/TOTAL/train\images\c1_2020-10-292020-10-29-12-10-28-000126.jpg 492,93,512,152,1 329,21,339,54,1 341,18,353,52,1 225,82,244,135,1
E:/dataset/TOTAL/train\images\c1_2020-10-292020-10-29-12-10-58-000127.jpg 479,127,499,199,1 453,129,476,200,1 312,126,334,194,1 187,109,204,165,1 338,1,347,27,1 480,0,488,14,1 391,0,399,25,1 213,88,231,139,1 216,116,238,160,1 179,102,193,155,1 222,122,251,179,1 794,43,808,85,1 192,87,215,135,1 389,0,396,20,1 487,0,495,13,1
E:/dataset/TOTAL/train\images\c1_2020-10-292020-10-29-12-11-28-000128.jpg 577,112,603,166,1 900,67,916,113,1 353,67,372,114,1 757,23,770,58,1 888,68,907,111,1 764,96,788,144,1 291,39,305,76,1 504,5,514,36,1 369,69,385,119,1 528,0,538,23,1 515,0,524,22,1 589,120,606,178,1 792,23,800,46,1 786,20,792,38,1 777,27,785,47,1 783,28,792,48,1
E:/dataset/TOTAL/train\images\c1_2020-10-292020-10-29-12-11-58-000129.jpg 746,123,765,180,1 388,68,405,119,1 297,97,316,153,1 541,122,579,187,1 277,97,293,152,1 365,72,382,123,1 705,105,724,161,1 457,255,495,351,1 634,28,645,63,1 649,70,664,117,1 828,107,844,159,1 712,62,727,105,1 843,114,858,164,1 619,31,628,65,1 604,27,619,61,1 822,106,837,152,1 632,66,652,111,1 562,105,583,159,1 371,0,386,21,1
E:/dataset/TOTAL/train\images\c1_2020-10-292020-10-29-12-12-28-000130.jpg 710,119,732,178,1 1037,154,1059,206,1 249,518,315,646,1 688,45,702,88,1 712,49,726,92,1 184,544,246,645,1 383,53,402,95,1 370,52,383,94,1 287,19,299,50,1 319,115,348,174,1 344,119,366,181,1 558,0,566,16,1 340,0,348,18,1 327,126,354,184,1 304,15,316,43,1 537,0,548,17,1 679,99,704,156,1
E:/dataset/TOTAL/train\images\c1_2020-10-292020-10-29-12-12-58-000131.jpg 811,168,841,240,1 369,112,387,171,1 710,20,719,49,1 722,21,731,50,1 391,113,410,167,1 401,120,417,174,1 1066,132,1090,176,1 263,79,281,125,1 692,20,702,52,1 1051,125,1073,164,1 212,129,235,183,1 1019,125,1039,172,1 244,79,262,121,1 206,114,222,166,1 572,41,588,87,2
E:/dataset/TOTAL/train\images\c1_2020-10-292020-10-29-12-13-28-000132.jpg 639,112,659,174,1 288,135,311,204,1 313,136,341,205,1 989,282,1029,366,1 536,30,551,71,1 606,111,632,167,1 557,33,569,73,1 737,196,767,276,1 974,283,1004,362,1 1016,283,1052,363,1 578,119,605,181,1 287,39,299,72,1 275,41,287,84,1 392,0,404,15,1 515,28,530,69,1 602,0,612,13,1 506,35,519,75,1 435,0,451,16,1 59,131,88,183,1 37,156,57,208,1 286,48,297,87,1
E:/dataset/TOTAL/train\images\c1_2020-10-292020-10-29-12-13-58-000133.jpg 896,458,961,586,1 203,444,260,573,1 822,463,876,595,1 223,404,278,526,1 825,119,843,174,1 807,119,825,168,1 851,71,866,114,1 1079,140,1103,195,1 654,4,667,34,1 1009,135,1038,185,1 722,105,738,156,1 834,66,850,110,1 482,0,490,22,1 601,1,613,28,1 66,136,93,192,1 491,0,502,21,1
E:/dataset/TOTAL/train\images\c1_2020-10-292020-10-29-12-14-28-000134.jpg 760,132,777,189,1 993,284,1031,363,1 777,134,796,196,1 894,33,907,68,1 597,15,612,48,1 857,47,869,88,1 435,0,442,26,1 683,32,695,71,1 690,35,707,72,1 912,38,927,69,1 533,0,549,21,1 751,142,774,192,1
E:/dataset/TOTAL/train\images\c1_2020-10-292020-10-29-12-14-58-000135.jpg 809,127,829,181,1 284,48,295,85,1 316,201,349,283,1 850,132,878,185,1 355,8,367,42,1 296,163,322,211,1 396,16,412,49,1 266,46,280,84,1 835,122,849,172,1 1056,575,1122,634,1 297,46,305,82,1 794,0,805,25,1 820,133,843,185,1
E:/dataset/TOTAL/train\images\c1_2020-10-292020-10-29-12-15-28-000136.jpg 768,4,826,26,0 814,124,840,179,1 792,112,808,168,1 896,47,911,91,1 360,207,395,290,1 437,104,457,168,1 221,236,254,328,1 55,143,85,203,1 406,112,430,170,1 456,98,475,160,1 248,245,289,348,1 839,134,862,185,1 383,110,402,172,1 855,47,868,89,1 702,15,715,47,1 357,106,383,161,1 785,111,797,160,1 289,31,301,66,1 347,122,364,183,1 326,15,336,48,1 264,216,301,299,1 267,2,276,29,1 280,4,292,30,1 285,2,293,28,1 864,51,881,92,1
E:/dataset/TOTAL/train\images\c1_2020-10-292020-10-29-12-15-58-000137.jpg 1087,343,1143,438,1 421,260,461,354,1 640,149,672,216,1 1034,151,1062,202,1 505,88,522,144,1 749,103,767,159,1 385,105,406,156,1 579,97,595,146,1 411,98,433,154,1 471,84,494,139,1 286,75,307,121,1 408,29,425,64,1 579,48,589,85,1 425,93,444,149,1 619,37,633,77,1 907,27,916,59,1 259,77,278,120,1 681,89,703,145,1 666,103,683,160,1 400,0,414,23,1 710,100,723,156,1 352,0,365,15,1 599,1,607,30,1 513,2,522,27,1 276,65,292,112,1 405,32,422,65,1 714,107,732,160,1 713,114,726,174,1 724,121,738,177,1 734,135,749,185,1 747,0,757,27,1 276,2,286,31,1 284,0,291,21,1 291,0,300,28,1 316,0,327,22,1 331,0,338,17,1 259,63,271,106,1
E:/dataset/TOTAL/train\images\c1_2020-10-292020-10-29-12-16-28-000138.jpg 762,114,782,176,1 785,120,804,180,1 676,77,692,120,1 651,64,663,109,1 663,71,677,113,1 327,31,342,67,1 364,119,382,183,1 618,76,639,124,1 320,191,344,264,1 411,0,421,23,1 611,74,631,122,1 359,0,366,17,1 282,4,292,32,1 628,58,642,101,1 343,0,353,19,1 208,598,260,647,1 234,298,279,391,1 367,115,395,168,1 369,0,379,16,1 268,6,277,33,1 256,17,269,48,1 904,24,920,47,1 920,26,928,48,1 407,0,415,22,1
E:/dataset/TOTAL/train\images\c1_2020-10-292020-10-29-12-16-58-000139.jpg 284,59,301,109,1 266,24,280,57,1 201,77,217,126,1 1023,119,1046,167,1 310,6,322,35,1
E:/dataset/TOTAL/train\images\c1_2020-10-292020-10-29-12-17-29-000140.jpg 266,43,279,72,1 332,38,345,77,1 266,64,280,109,1 264,4,276,33,1 311,8,321,38,1 782,0,790,25,1 791,19,801,44,1 255,6,265,36,1
E:/dataset/TOTAL/train\images\c1_2020-10-292020-10-29-12-17-59-000141.jpg 1000,416,1067,525,1 1081,437,1139,554,1 713,85,736,132,1 798,297,836,400,1 626,42,638,87,1 43,147,64,209,1 275,100,301,155,1 243,101,266,155,1 158,123,170,165,1 167,123,184,165,1
E:/dataset/TOTAL/train\images\c1_2020-10-292020-10-29-12-18-29-000142.jpg 804,58,819,101,1 827,65,843,108,1 622,28,633,68,1 845,65,861,107,1 677,27,690,62,1 602,29,615,66,1 892,39,904,69,1 397,0,412,27,1 505,120,532,180,1 365,0,379,30,1 263,24,277,59,1 662,24,676,59,1 281,0,292,21,1 295,0,303,21,1 312,0,322,26,1 371,0,386,27,1 901,38,911,65,1 815,65,826,106,1
E:/dataset/TOTAL/train\images\c1_2020-10-292020-10-29-12-18-59-000143.jpg 883,231,916,307,1 929,237,977,332,1 550,82,571,139,1 599,90,617,141,1 707,20,722,55,1 617,89,634,143,1 579,87,595,136,1 345,25,355,58,1 758,43,771,84,1 962,240,993,326,1 278,11,289,43,1 44,147,64,201,1 288,10,301,42,1 778,42,795,82,1 769,44,782,83,1 307,10,317,39,1 10,160,25,208,1
E:/dataset/TOTAL/train\images\c1_2020-10-292020-10-29-12-19-29-000144.jpg 1051,406,1103,523,1 967,256,1004,350,1 675,17,688,54,1 396,341,441,454,1 358,29,371,66,1 695,20,704,56,1 657,18,668,51,1 1091,411,1140,517,1 750,38,764,64,1 283,3,294,29,1 274,8,285,31,1 294,3,304,29,1 987,252,1015,336,1
E:/dataset/TOTAL/train\images\c1_2020-10-292020-10-29-12-19-59-000145.jpg 891,34,902,68,1 903,36,920,68,1 612,2,624,31,1 628,3,640,34,1 280,23,293,56,1 268,3,279,33,1 766,20,777,53,1 783,24,791,48,1 1069,132,1093,176,1 793,26,802,48,1 300,23,312,53,1 774,23,783,57,1 619,4,628,35,1
E:/dataset/TOTAL/train\images\c1_2020-10-292020-10-29-12-20-29-000146.jpg 501,520,550,645,1 833,204,870,282,1 692,76,708,124,1 670,72,688,124,1 888,197,917,283,1 283,53,300,97,1 850,111,870,162,1 861,196,894,275,1 874,112,897,172,1 6,172,25,216,1 876,122,895,183,1
E:/dataset/TOTAL/train\images\c1_2020-10-292020-10-29-12-20-59-000147.jpg 658,75,679,128,1 1015,293,1059,389,1 348,19,362,57,1 270,40,284,74,1 1065,131,1084,173,1 428,106,459,166,1 1088,134,1106,182,1 643,71,657,121,1 455,82,475,133,1 328,22,343,57,1 838,67,853,108,1 436,115,467,167,1 334,7,347,37,1 56,94,73,123,1
E:/dataset/TOTAL/train\images\c1_2020-10-292020-10-29-12-21-29-000148.jpg 698,0,779,24,0 904,211,939,292,1 257,69,271,113,1 622,92,641,139,1 543,100,563,156,1 915,35,926,68,1 294,104,314,165,1 622,101,648,158,1 302,113,318,172,1 543,107,564,160,1 615,99,637,155,1 267,71,287,119,1
E:/dataset/TOTAL/train\images\c1_2020-10-292020-10-29-12-21-59-000149.jpg 521,41,544,83,1 835,67,853,110,1 499,8,512,44,1 864,37,876,73,1 483,10,494,42,1 874,41,885,77,1 413,65,430,112,1 402,64,417,108,1 200,84,211,128,1 850,15,860,47,1 183,83,196,128,1 166,88,182,130,1 297,0,304,16,1 306,0,315,15,1
E:/dataset/TOTAL/train\images\c1_2020-10-292020-10-29-12-22-29-000150.jpg 610,147,635,216,1 639,155,664,226,1 274,131,295,192,1 586,147,608,213,1 215,81,233,130,1 298,137,316,193,1 158,129,174,168,1 279,37,294,75,1 140,124,158,168,1
E:/dataset/TOTAL/train\images\c1_2020-10-292020-10-29-12-22-59-000151.jpg 1037,389,1095,495,1 896,31,907,65,1 520,2,532,34,1 791,88,810,137,1 866,27,882,59,1 806,93,825,142,1 655,17,667,54,1 504,21,517,55,1 668,20,680,55,1 279,39,292,71,1 479,41,498,78,1 643,16,654,50,1 166,120,187,165,1 178,123,194,166,1 492,20,504,53,1 262,0,269,21,1 253,0,260,20,1
E:/dataset/TOTAL/train\images\c1_2020-10-292020-10-29-12-23-29-000152.jpg 548,424,593,555,1 494,435,544,569,1 232,289,268,383,1 281,149,303,220,1 228,135,255,203,1 207,97,224,151,1 175,129,191,162,1 302,151,329,214,1 282,23,295,57,1 324,121,338,174,1 295,22,305,56,1 301,130,320,163,1 204,111,217,166,1
E:/dataset/TOTAL/train\images\c1_2020-10-292020-10-29-12-23-59-000153.jpg 868,21,880,49,1 481,123,501,184,1 632,65,651,104,1 345,114,363,163,1 575,93,593,145,1 654,0,664,27,1 589,105,604,157,1 11,151,24,208,1 34,129,57,196,1 485,129,503,190,1 631,68,644,109,1 876,26,883,55,1
E:/dataset/TOTAL/train\images\c1_2020-10-292020-10-29-12-24-29-000154.jpg 762,139,788,194,1 815,99,830,144,1 270,56,288,99,1 678,24,696,59,1 299,98,315,153,1 661,26,673,60,1 311,102,329,158,1 622,0,634,20,1 804,11,818,45,1
E:/dataset/TOTAL/train\images\c1_2020-10-292020-10-29-12-25-00-000155.jpg 349,81,371,131,1 375,77,397,132,1 898,24,908,50,1 912,27,926,53,1 163,558,225,645,1 296,15,307,46,1 309,0,316,25,1 300,0,307,23,1 836,49,848,86,1 833,60,852,101,1 772,0,781,27,1 52,96,64,141,1
E:/dataset/TOTAL/train\images\c1_2020-10-292020-10-29-12-25-30-000156.jpg 522,21,534,56,1 606,65,629,114,1 384,19,402,54,1 288,32,300,65,1 275,29,288,64,1 807,140,836,185,1 227,102,247,151,1 208,92,227,146,1 378,0,388,15,1 383,0,394,20,1
E:/dataset/TOTAL/train\images\c1_2020-10-292020-10-29-12-26-00-000157.jpg 732,126,751,180,1 266,64,287,112,1 227,120,255,182,1 545,0,555,22,1 560,0,568,22,1 322,70,340,117,1
E:/dataset/TOTAL/train\images\c1_2020-10-292020-10-29-12-26-30-000158.jpg 861,64,876,104,1 603,126,631,188,1 710,40,721,76,1 652,105,678,161,1 743,99,768,151,1 249,115,265,177,1 253,126,284,186,1 307,0,318,27,1 337,0,347,23,1 290,34,302,73,1 614,134,642,193,1
